           0
   0.0144232
   0.0296243
   0.0404382
   0.0555225
   0.0628424
   0.0778751
   0.0818323
   0.0968622
   0.0976043
    0.112664
    0.110354
    0.125462
    0.120277
    0.135436
    0.127568
    0.142767
    0.132421
    0.147636
    0.135028
    0.150224
    0.135581
    0.150712
    0.134272
    0.149283
    0.131289
    0.146118
    0.126821
    0.141399
    0.121056
    0.135309
    0.114179
     0.12803
    0.106374
    0.119745
   0.0978247
    0.110638
   0.0887129
    0.100892
   0.0792188
   0.0906901
   0.0695216
   0.0802176
   0.0597991
   0.0696583
   0.0502278
   0.0591968
   0.0409833
   0.0490179
   0.0322398
   0.0393066
   0.0241706
   0.0302481
   0.0169482
    0.022028
   0.0107443
   0.0148317
  0.00572963
  0.00884485
  0.00207468
  0.00425337
 -5.0701e-05
  0.00124311
-0.000476966
           0
