           0
-0.000229739
-0.000458922
-0.000687004
-0.000913433
 -0.00113768
 -0.00135917
 -0.00157739
 -0.00179182
 -0.00200193
 -0.00220723
  -0.0024072
 -0.00260137
 -0.00278929
 -0.00297047
  -0.0031445
 -0.00331097
 -0.00346948
 -0.00361961
 -0.00376102
  -0.0038934
  -0.0040164
 -0.00412971
 -0.00423307
 -0.00432624
   -0.004409
 -0.00448113
 -0.00454247
 -0.00459289
 -0.00463222
 -0.00466041
 -0.00467737
 -0.00468305
 -0.00467746
 -0.00466058
 -0.00463248
 -0.00459321
 -0.00454288
  -0.0044816
 -0.00440953
 -0.00432684
 -0.00423372
  -0.0041304
 -0.00401713
 -0.00389416
 -0.00376183
 -0.00362042
 -0.00347029
 -0.00331179
 -0.00314532
 -0.00297127
 -0.00279005
 -0.00260211
  -0.0024079
 -0.00220789
 -0.00200255
 -0.00179239
 -0.00157791
 -0.00135963
 -0.00113807
-0.000913763
-0.000687257
-0.000459094
-0.000229824
           0
