4.0
3.953125
3.90625
3.859375
3.8125
3.765625
3.71875
3.671875
3.625
3.578125
3.53125
3.484375
3.4375
3.390625
3.34375
3.296875
3.25
3.203125
3.15625
3.109375
3.0625
3.015625
2.96875
2.921875
2.875
2.828125
2.78125
2.734375
2.6875
2.640625
2.59375
2.546875
2.5
2.453125
2.40625
2.359375
2.3125
2.265625
2.21875
2.171875
2.125
2.078125
2.03125
1.984375
1.9375
1.890625
1.84375
1.796875
1.75
1.703125
1.65625
1.609375
1.5625
1.515625
1.46875
1.421875
1.375
1.328125
1.28125
1.234375
1.1875
1.140625
1.09375
1.046875
1.0
0.953125
0.90625
0.859375
0.8125
0.765625
0.71875
0.671875
0.625
0.578125
0.53125
0.484375
0.4375
0.390625
0.34375
0.296875
0.25
0.203125
0.15625
0.109375
0.0625
0.015625
-0.03125
-0.078125
-0.125
-0.171875
-0.21875
-0.265625
-0.3125
-0.359375
-0.40625
-0.453125
-0.5
-0.546875
-0.59375
-0.640625
-0.6875
-0.734375
-0.78125
-0.828125
-0.875
-0.921875
-0.96875
-1.015625
-1.0625
-1.109375
-1.15625
-1.203125
-1.25
-1.296875
-1.34375
-1.390625
-1.4375
-1.484375
-1.53125
-1.578125
-1.625
-1.671875
-1.71875
-1.765625
-1.8125
-1.859375
-1.90625
-1.953125
-2.0
