Residual: 
5.78755
4.37421
3.94025
3.69025
3.51448
3.37696
3.26311
3.16577
3.08086
3.00571
2.93847
2.87776
2.82252
2.77192
2.72532
2.68218
2.64206
2.60462
2.56956
2.53664
2.50564
2.4764
2.44875
2.42258
2.39775
2.37419
2.35178
2.33047
2.31016
2.29081
2.27235
2.25472
2.23788
2.22178
2.20639
2.19165
2.17754
2.16401
2.15105
2.13861
2.12668
2.11521
2.1042
2.09361
2.08343
2.07362
2.06418
2.05509
2.04632
2.03786
2.02969
2.02181
2.01419
2.00682
1.99969
1.99279
1.9861
1.97962
1.97333
1.96723
1.96131
1.95555
1.94996
1.94451
1.93921
1.93405
1.92902
1.92411
1.91932
1.91464
1.91007
1.90561
1.90124
1.89696
1.89277
1.88867
1.88465
1.8807
1.87683
1.87303
1.8693
1.86563
1.86202
1.85847
1.85497
1.85153
1.84814
1.8448
1.84151
1.83826
1.83505
1.83189
1.82876
1.82567
1.82262
1.81961
1.81662
1.81367
1.81075
1.80786
1.805
1.80216
1.79935
1.79657
1.79381
1.79108
1.78837
1.78567
1.78301
1.78036
1.77773
1.77512
1.77252
1.76995
1.76739
1.76485
1.76233
1.75982
1.75732
1.75484
1.75238
1.74992
1.74748
1.74506
1.74265
1.74024
1.73785
1.73548
1.73311
1.73075
1.72841
1.72607
1.72375
1.72143
1.71912
1.71683
1.71454
1.71226
1.70999
1.70773
1.70547
1.70323
1.70099
1.69876
1.69653
1.69432
1.69211
1.68991
1.68771
1.68553
1.68334
1.68117
1.679
1.67684
1.67468
1.67253
1.67039
1.66825
1.66612
1.66399
1.66187
1.65975
1.65764
1.65554
1.65344
1.65134
1.64925
1.64717
1.64509
1.64301
1.64094
1.63888
1.63681
1.63476
1.6327
1.63066
1.62861
1.62657
1.62454
1.62251
1.62048
1.61846
1.61644
1.61442
1.61241
1.61041
1.60841
1.60641
1.60441
1.60242
1.60043
1.59845
1.59647
1.59449
1.59252
1.59055
1.58858
1.58662
1.58466
1.58271
1.58075
1.5788
1.57686
1.57492
1.57298
1.57104
1.56911
1.56718
1.56525
1.56333
1.56141
1.55949
1.55758
1.55567
1.55376
1.55186
1.54996
1.54806
1.54616
1.54427
1.54238
1.54049
1.53861
1.53673
1.53485
1.53298
1.5311
1.52923
1.52737
1.5255
1.52364
1.52178
1.51993
1.51807
1.51622
1.51438
1.51253
1.51069
1.50885
1.50701
1.50518
1.50335
1.50152
1.49969
1.49787
1.49604
1.49422
1.49241
1.49059
1.48878
1.48697
1.48517
1.48336
1.48156
1.47976
1.47797
1.47617
1.47438
1.47259
1.47081
1.46902
1.46724
1.46546
1.46368
1.46191
1.46014
1.45837
1.4566
1.45483
1.45307
1.45131
1.44955
1.4478
1.44604
1.44429
1.44254
1.4408
1.43905
1.43731
1.43557
1.43383
1.4321
1.43036
1.42863
1.4269
1.42518
1.42345
1.42173
1.42001
1.4183
1.41658
1.41487
1.41316
1.41145
1.40974
1.40804
1.40634
1.40464
1.40294
1.40124
1.39955
1.39786
1.39617
1.39448
1.3928
1.39111
1.38943
1.38776
1.38608
1.38441
1.38273
1.38106
1.3794
1.37773
1.37607
1.3744
1.37274
1.37109
1.36943
1.36778
1.36613
1.36448
1.36283
1.36119
1.35954
1.3579
1.35626
1.35463
1.35299
1.35136
1.34973
1.3481
1.34647
1.34485
1.34323
1.3416
1.33999
1.33837
1.33675
1.33514
1.33353
1.33192
1.33032
1.32871
1.32711
1.32551
1.32391
1.32231
1.32072
1.31912
1.31753
1.31594
1.31436
1.31277
1.31119
1.30961
1.30803
1.30645
1.30488
1.3033
1.30173
1.30016
1.29859
1.29703
1.29546
1.2939
1.29234
1.29078
1.28923
1.28767
1.28612
1.28457
1.28302
1.28148
1.27993
1.27839
1.27685
1.27531
1.27377
1.27223
1.2707
1.26917
1.26764
1.26611
1.26459
1.26306
1.26154
1.26002
1.2585
1.25698
1.25547
1.25395
1.25244
1.25093
1.24943
1.24792
1.24642
1.24491
1.24341
1.24192
1.24042
1.23892
1.23743
1.23594
1.23445
1.23296
1.23148
1.22999
1.22851
1.22703
1.22555
1.22407
1.2226
1.22113
1.21965
1.21818
1.21672
1.21525
1.21379
1.21232
1.21086
1.2094
1.20795
1.20649
1.20504
1.20359
1.20214
1.20069
1.19924
1.1978
1.19635
1.19491
1.19347
1.19203
1.1906
1.18916
1.18773
1.1863
1.18487
1.18344
1.18202
1.18059
1.17917
1.17775
1.17633
1.17491
1.1735
1.17208
1.17067
1.16926
1.16785
1.16644
1.16504
1.16364
1.16223
1.16083
1.15943
1.15804
1.15664
1.15525
1.15386
1.15247
1.15108
1.14969
1.14831
1.14692
1.14554
1.14416
1.14278
1.14141
1.14003
1.13866
1.13729
1.13592
1.13455
1.13318
1.13182
1.13045
1.12909
1.12773
1.12637
1.12501
1.12366
1.12231
1.12095
1.1196
1.11825
1.11691
1.11556
1.11422
1.11288
1.11154
1.1102
1.10886
1.10752
1.10619
1.10486
1.10353
1.1022
1.10087
1.09954
1.09822
1.09689
1.09557
1.09425
1.09294
1.09162
1.0903
1.08899
1.08768
1.08637
1.08506
1.08375
1.08245
1.08114
1.07984
1.07854
1.07724
1.07594
1.07465
1.07335
1.07206
1.07077
1.06948
1.06819
1.0669
1.06562
1.06433
1.06305
1.06177
1.06049
1.05921
1.05794
1.05666
1.05539
1.05412
1.05285
1.05158
1.05032
1.04905
1.04779
1.04652
1.04526
1.044
1.04275
1.04149
1.04024
1.03898
1.03773
1.03648
1.03523
1.03399
1.03274
1.0315
1.03025
1.02901
1.02777
1.02654
1.0253
1.02406
1.02283
1.0216
1.02037
1.01914
1.01791
1.01668
1.01546
1.01424
1.01301
1.01179
1.01058
1.00936
1.00814
1.00693
1.00572
1.0045
1.00329
1.00209
1.00088
0.999673
0.998469
0.997266
0.996064
0.994865
0.993666
0.992469
0.991274
0.99008
0.988887
0.987696
0.986506
0.985318
0.984131
0.982946
0.981761
0.980579
0.979398
0.978218
0.97704
0.975863
0.974687
0.973513
0.97234
0.971169
0.969999
0.968831
0.967664
0.966498
0.965334
0.964171
0.96301
0.96185
0.960691
0.959534
0.958378
0.957224
0.956071
0.954919
0.953769
0.95262
0.951472
0.950326
0.949181
0.948038
0.946896
0.945756
0.944616
0.943479
0.942342
0.941207
0.940073
0.938941
0.93781
0.93668
0.935552
0.934425
0.933299
0.932175
0.931052
0.929931
0.928811
0.927692
0.926574
0.925458
0.924343
0.92323
0.922118
0.921007
0.919898
0.91879
0.917683
0.916578
0.915474
0.914371
0.913269
0.912169
0.911071
0.909973
0.908877
0.907782
0.906689
0.905597
0.904506
0.903416
0.902328
0.901241
0.900155
0.899071
0.897988
0.896907
0.895826
0.894747
0.893669
0.892593
0.891518
0.890444
0.889371
0.8883
0.88723
0.886161
0.885094
0.884028
0.882963
0.881899
0.880837
0.879776
0.878716
0.877658
0.8766
0.875544
0.87449
0.873437
0.872384
0.871334
0.870284
0.869236
0.868189
0.867143
0.866098
0.865055
0.864013
0.862972
0.861933
0.860895
0.859858
0.858822
0.857788
0.856754
0.855722
0.854691
0.853662
0.852634
0.851607
0.850581
0.849556
0.848533
0.847511
0.84649
0.84547
0.844452
0.843435
0.842419
0.841404
0.840391
0.839378
0.838367
0.837357
0.836349
0.835341
0.834335
0.83333
0.832326
0.831324
0.830322
0.829322
0.828323
0.827325
0.826329
0.825333
0.824339
0.823346
0.822355
0.821364
0.820375
0.819386
0.818399
0.817414
0.816429
0.815446
0.814463
0.813482
0.812502
0.811524
0.810546
0.80957
0.808595
0.807621
0.806648
0.805676
0.804706
0.803736
0.802768
0.801801
0.800836
0.799871
Residual: 
0.000490283
Residual: 
0.00137403
Residual: 
0.00374786
Residual: 
0.00326716
Residual: 
0.00196879
Residual: 
0.000792656
Residual: 
0.798749
0.797787
0.796826
0.795866
0.794908
0.79395
0.792994
0.792039
0.791085
0.790132
0.78918
0.788229
0.78728
0.786332
0.785384
0.784438
0.783493
0.78255
0.781607
0.780666
0.779725
0.778786
0.777848
0.776911
0.775975
0.77504
0.774107
0.773174
0.772243
0.771313
0.770384
0.769456
0.768529
0.767603
0.766679
0.765755
0.764833
0.763911
0.762991
0.762072
0.761154
0.760237
0.759322
0.758407
0.757494
0.756581
0.75567
0.75476
0.75385
0.752942
0.752035
0.75113
0.750225
0.749321
0.748419
0.747517
0.746617
0.745717
0.744819
0.743922
0.743026
0.742131
0.741237
0.740344
0.739452
0.738562
0.737672
0.736783
0.735896
0.735009
0.734124
0.73324
0.732357
0.731474
0.730593
0.729713
0.728834
0.727956
0.72708
0.726204
0.725329
0.724455
0.723583
0.722711
0.721841
0.720971
0.720103
0.719235
0.718369
0.717503
0.716639
0.715776
0.714914
0.714053
0.713193
0.712334
0.711475
0.710618
0.709762
0.708908
0.708054
0.707201
0.706349
0.705498
0.704648
0.703799
0.702952
0.702105
0.701259
0.700415
0.699571
0.698728
0.697887
0.697046
0.696206
0.695368
0.69453
0.693693
0.692858
0.692023
0.69119
0.690357
0.689526
0.688695
0.687865
0.687037
0.686209
0.685383
0.684557
0.683733
0.682909
0.682086
0.681265
0.680444
0.679625
0.678806
0.677988
0.677172
0.676356
0.675541
0.674728
0.673915
0.673103
0.672292
0.671483
0.670674
0.669866
0.669059
0.668253
0.667448
0.666644
0.665841
0.665039
0.664238
0.663438
0.662639
0.661841
0.661043
0.660247
0.659452
0.658657
0.657864
0.657072
0.65628
0.65549
0.6547
0.653912
0.653124
0.652337
0.651551
0.650766
0.649983
0.6492
0.648418
0.647637
0.646857
0.646077
0.645299
0.644522
0.643746
0.64297
0.642196
0.641422
0.640649
0.639878
0.639107
0.638337
0.637568
0.6368
0.636033
0.635267
0.634502
0.633738
0.632974
0.632212
0.63145
0.63069
0.62993
0.629171
0.628413
0.627656
0.6269
0.626145
0.625391
0.624638
0.623885
0.623134
0.622383
0.621633
0.620885
0.620137
0.61939
0.618644
0.617899
0.617154
0.616411
0.615668
0.614927
0.614186
0.613446
0.612707
0.611969
0.611232
0.610496
0.609761
0.609026
0.608292
0.60756
0.606828
0.606097
0.605367
0.604638
0.603909
0.603182
0.602455
0.60173
0.601005
0.600281
0.599558
