          0
  0.0151723
  0.0190167
  0.0426785
  0.0344096
  0.0665528
  0.0464604
  0.0869778
  0.0554487
   0.104136
  0.0616513
   0.118211
  0.0653412
   0.129385
  0.0667868
   0.137841
   0.066251
   0.143761
  0.0639906
   0.147328
  0.0602554
   0.148725
  0.0552875
   0.148133
  0.0493212
   0.145736
  0.0425818
   0.141717
  0.0352858
   0.136256
  0.0276404
   0.129538
  0.0198431
   0.121745
  0.0120818
   0.113059
 0.00453465
   0.103664
-0.00262996
   0.093741
 -0.0092531
  0.0834742
 -0.0151852
  0.0730465
 -0.0202856
  0.0626409
 -0.0244223
  0.0524408
 -0.0274715
  0.0426298
 -0.0293166
  0.0333913
 -0.0298482
  0.0249093
  -0.028963
  0.0173674
 -0.0265631
  0.0109498
  -0.022555
 0.00584054
 -0.0168494
 0.00222375
 -0.0093593
0.000283681
          0
