          0
 0.00821756
  0.0293273
  0.0219224
  0.0550139
  0.0322268
  0.0771421
  0.0394331
  0.0959728
  0.0438414
   0.111591
  0.0457413
   0.124244
  0.0454206
   0.134027
  0.0431595
   0.141184
  0.0392288
   0.145806
  0.0339994
   0.148358
  0.0277218
   0.148707
  0.0206376
    0.14732
  0.0129745
   0.144061
 0.00497219
   0.139443
-0.00316517
   0.133284
  -0.011241
   0.126106
  -0.019074
    0.11772
 -0.0264287
   0.108785
 -0.0331451
   0.098985
 -0.0390701
  0.0889916
 -0.0440628
    0.07849
 -0.0479772
  0.0681859
 -0.0506891
  0.0577454
 -0.0520805
   0.047884
 -0.0520408
  0.0382753
 -0.0505746
  0.0294243
 -0.0475816
  0.0212325
 -0.0429688
  0.0142069
 -0.0366439
 0.00826226
 -0.0285497
 0.00384709
 -0.0185987
0.000945935
-0.00671077
          0
