          0
  0.0092197
  0.0313316
  0.0248832
  0.0589314
  0.0371011
  0.0829734
  0.0461779
   0.103631
  0.0524138
   0.121077
   0.056104
   0.135483
  0.0575366
    0.14702
  0.0569917
   0.155855
  0.0547402
   0.162158
  0.0510433
   0.166094
   0.046151
   0.167829
  0.0403024
   0.167527
  0.0337246
   0.165354
  0.0266333
   0.161473
  0.0192322
   0.156049
  0.0117131
   0.149249
  0.0042568
   0.141239
-0.00296701
   0.132189
-0.00979902
   0.122273
 -0.0160899
   0.111664
 -0.0216992
   0.100544
 -0.0264954
  0.0890953
 -0.0303543
  0.0775055
  -0.033159
   0.065967
 -0.0347986
  0.0546767
 -0.0351679
  0.0438361
 -0.0341665
  0.0336508
  -0.031698
  0.0243303
 -0.0276695
  0.0160878
 -0.0219907
 0.00913946
 -0.0145737
 0.00370354
-0.00533197
          0
