0.0
0.007690906524658203
0.015140533447265625
0.022351741790771484
0.029327392578125
0.03607034683227539
0.042583465576171875
0.04886960983276367
0.054931640625
0.06077241897583008
0.06639480590820312
0.07180166244506836
0.076995849609375
0.08198022842407227
0.08675765991210938
0.09133100509643555
0.095703125
0.09987688064575195
0.10385513305664062
0.10764074325561523
0.111236572265625
0.11464548110961914
0.11787033081054688
0.12091398239135742
0.123779296875
0.12646913528442383
0.12898635864257812
0.1313338279724121
0.133514404296875
0.13553094863891602
0.13738632202148438
0.1390833854675293
0.140625
0.1420140266418457
0.14325332641601562
0.14434576034545898
0.145294189453125
0.1461014747619629
0.14677047729492188
0.14730405807495117
0.147705078125
0.14797639846801758
0.14812088012695312
0.14814138412475586
0.148040771484375
0.14782190322875977
0.14748764038085938
0.14704084396362305
0.146484375
0.14582109451293945
0.14505386352539062
0.14418554306030273
0.143218994140625
0.14215707778930664
0.14100265502929688
0.13975858688354492
0.138427734375
0.13701295852661133
0.13551712036132812
0.1339430809020996
0.132293701171875
0.13057184219360352
0.12878036499023438
0.1269221305847168
0.125
0.1230168342590332
0.12097549438476562
0.11887884140014648
0.116729736328125
0.11453104019165039
0.11228561401367188
0.10999631881713867
0.107666015625
0.10529756546020508
0.10289382934570312
0.10045766830444336
0.097991943359375
0.09549951553344727
0.09298324584960938
0.09044599533081055
0.087890625
0.08531999588012695
0.08273696899414062
0.08014440536499023
0.077545166015625
0.07494211196899414
0.07233810424804688
0.06973600387573242
0.067138671875
0.06454896926879883
0.061969757080078125
0.05940389633178711
0.056854248046875
0.054323673248291016
0.051815032958984375
0.0493311882019043
0.046875
0.0444493293762207
0.042057037353515625
0.039700984954833984
0.037384033203125
0.03510904312133789
0.032878875732421875
0.030696392059326172
0.028564453125
0.026485919952392578
0.024463653564453125
0.02250051498413086
0.020599365234375
0.018763065338134766
0.016994476318359375
0.015296459197998047
0.013671875
0.012123584747314453
0.010654449462890625
0.009267330169677734
0.007965087890625
0.006750583648681641
0.005626678466796875
0.004596233367919922
0.003662109375
0.002827167510986328
0.002094268798828125
0.0014662742614746094
0.000946044921875
0.0005364418029785156
0.000240325927734375
6.0558319091796875e-05
0.0
