           0
-0.000114869
-0.000229739
 -0.00034433
-0.000458922
-0.000572963
-0.000687004
-0.000800218
-0.000913433
 -0.00102555
 -0.00113768
 -0.00124842
 -0.00135917
 -0.00146828
 -0.00157739
  -0.0016846
 -0.00179182
 -0.00189688
 -0.00200193
 -0.00210458
 -0.00220723
 -0.00230721
  -0.0024072
 -0.00250429
 -0.00260137
 -0.00269533
 -0.00278929
 -0.00287988
 -0.00297047
 -0.00305749
  -0.0031445
 -0.00322774
 -0.00331097
 -0.00339022
 -0.00346948
 -0.00354455
 -0.00361961
 -0.00369032
 -0.00376102
 -0.00382721
  -0.0038934
  -0.0039549
  -0.0040164
 -0.00407305
 -0.00412971
 -0.00418139
 -0.00423307
 -0.00427965
 -0.00432624
 -0.00436762
   -0.004409
 -0.00444507
 -0.00448113
  -0.0045118
 -0.00454247
 -0.00456768
 -0.00459289
 -0.00461256
 -0.00463222
 -0.00464632
 -0.00466041
 -0.00466889
 -0.00467737
 -0.00468021
 -0.00468305
 -0.00468025
 -0.00467746
 -0.00466902
 -0.00466058
 -0.00464653
 -0.00463248
 -0.00461285
 -0.00459321
 -0.00456805
 -0.00454288
 -0.00451224
  -0.0044816
 -0.00444556
 -0.00440953
 -0.00436818
 -0.00432684
 -0.00428028
 -0.00423372
 -0.00418206
  -0.0041304
 -0.00407376
 -0.00401713
 -0.00395564
 -0.00389416
   -0.003828
 -0.00376183
 -0.00369112
 -0.00362042
 -0.00354536
 -0.00347029
 -0.00339104
 -0.00331179
 -0.00322856
 -0.00314532
 -0.00305829
 -0.00297127
 -0.00288066
 -0.00279005
 -0.00269608
 -0.00260211
 -0.00250501
  -0.0024079
  -0.0023079
 -0.00220789
 -0.00210522
 -0.00200255
 -0.00189747
 -0.00179239
 -0.00168515
 -0.00157791
 -0.00146877
 -0.00135963
 -0.00124885
 -0.00113807
 -0.00102592
-0.000913763
 -0.00080051
-0.000687257
-0.000573175
-0.000459094
-0.000344459
-0.000229824
-0.000114912
           0
