          0
 0.00769015
  0.0151406
  0.0223495
  0.0293275
  0.0360666
  0.0425836
  0.0488643
  0.0549319
  0.0607656
  0.0663951
  0.0717934
  0.0769962
  0.0819705
   0.086758
  0.0913199
  0.0957035
  0.0998643
   0.103856
   0.107627
   0.111237
    0.11463
   0.117871
   0.120897
    0.12378
   0.126451
   0.128987
   0.131315
   0.133515
   0.135511
   0.137387
   0.139062
   0.140626
   0.141992
   0.143254
   0.144322
   0.145295
   0.146077
   0.146771
   0.147279
   0.147706
    0.14795
   0.148122
   0.148114
   0.148042
   0.147794
   0.147489
   0.147013
   0.146485
   0.145792
   0.145055
   0.144156
    0.14322
   0.142127
   0.141004
   0.139728
   0.138429
   0.136982
   0.135518
   0.133912
   0.132295
   0.130541
   0.128781
   0.126891
   0.125001
   0.122986
   0.120977
   0.118848
   0.116731
     0.1145
   0.112287
   0.109965
   0.107667
   0.105267
   0.102895
   0.100427
   0.097993
  0.0954695
  0.0929843
  0.0904165
  0.0878916
   0.085291
   0.082738
  0.0801161
  0.0775461
  0.0749145
  0.0723391
  0.0697092
  0.0671396
  0.0645231
  0.0619707
   0.059379
  0.0568551
  0.0542997
  0.0518159
  0.0493083
  0.0468758
  0.0444276
  0.0420578
  0.0396804
  0.0373848
  0.0350896
  0.0328796
  0.0306782
  0.0285651
   0.026469
  0.0244643
   0.022485
  0.0205999
  0.0187489
   0.016995
  0.0152837
  0.0136723
  0.0121122
  0.0106548
 0.00925744
 0.00796543
 0.00674217
 0.00562696
 0.00458932
 0.00366234
 0.00282178
 0.00209444
 0.00146241
 0.00094616
0.000534121
0.000240383
5.97842e-05
          0
