           0
  0.00738429
   0.0151406
   0.0214326
   0.0293275
    0.034541
   0.0425836
   0.0467336
   0.0549319
    0.058035
   0.0663951
   0.0684694
   0.0769962
   0.0780611
    0.086758
   0.0868345
   0.0957035
   0.0948138
    0.103856
    0.102023
    0.111237
    0.108487
    0.117871
     0.11423
     0.12378
    0.119275
    0.128987
    0.123647
    0.133515
     0.12737
    0.137387
    0.130468
    0.140626
    0.132966
    0.143254
    0.134886
    0.145295
    0.136252
    0.146771
     0.13709
    0.147706
    0.137421
    0.148122
    0.137271
    0.148042
    0.136663
    0.147489
    0.135619
    0.146485
    0.134165
    0.145055
    0.132323
     0.14322
    0.130117
    0.141004
    0.127569
    0.138429
    0.124704
    0.135518
    0.121544
    0.132295
    0.118113
    0.128781
    0.114433
    0.125001
    0.110528
    0.120977
     0.10642
    0.116731
    0.102132
    0.112287
   0.0976878
    0.107667
   0.0931088
    0.102895
   0.0884179
    0.097993
   0.0836378
   0.0929843
   0.0787909
   0.0878916
   0.0738996
    0.082738
   0.0689862
   0.0775461
    0.064073
   0.0723391
   0.0591822
   0.0671396
   0.0543359
   0.0619707
   0.0495561
   0.0568551
   0.0448649
   0.0518159
   0.0402842
   0.0468758
   0.0358359
   0.0420578
   0.0315419
   0.0373848
   0.0274239
   0.0328796
   0.0235037
   0.0285651
   0.0198031
   0.0244643
   0.0163435
   0.0205999
   0.0131468
    0.016995
   0.0102345
   0.0136723
  0.00762804
   0.0106548
  0.00534906
  0.00796543
  0.00341902
  0.00562697
   0.0018594
  0.00366234
  0.00069165
  0.00209444
-6.27797e-05
 0.000946161
-0.000382466
 0.000240384
 -0.00024599
           0
