           0
  0.00749916
   0.0153703
    0.021777
   0.0297864
   0.0351139
   0.0432706
   0.0475338
   0.0558453
   0.0590605
   0.0675328
   0.0697178
   0.0783553
   0.0795294
   0.0883354
   0.0885191
   0.0974953
   0.0967107
    0.105858
    0.104128
    0.113444
    0.110794
    0.120278
    0.116734
    0.126381
     0.12197
    0.131776
    0.126527
    0.136486
    0.130428
    0.140532
    0.133696
    0.143937
    0.136356
    0.146724
     0.13843
    0.148915
    0.139943
    0.150532
    0.140917
    0.151599
    0.141376
    0.152138
    0.141344
    0.152171
    0.140844
    0.151722
    0.139899
    0.150812
    0.138533
    0.149464
    0.136768
    0.147701
    0.134628
    0.145546
    0.132137
    0.143022
    0.129317
     0.14015
    0.126191
    0.136955
    0.122782
    0.133459
    0.119113
    0.129684
    0.115208
    0.125654
    0.111089
    0.121391
    0.106779
    0.116919
    0.102301
     0.11226
   0.0976768
    0.107438
   0.0929302
    0.102475
   0.0880834
   0.0973938
   0.0831591
   0.0922185
   0.0781799
   0.0869717
   0.0731683
   0.0816765
   0.0681468
   0.0763562
   0.0631378
   0.0710338
   0.0581639
   0.0657325
   0.0532472
   0.0604756
   0.0484102
   0.0552862
   0.0436752
   0.0501876
   0.0390644
   0.0452031
   0.0346002
    0.040356
   0.0303046
   0.0356696
   0.0261998
   0.0311672
   0.0223081
   0.0268722
   0.0186514
   0.0228078
    0.015252
   0.0189975
   0.0121319
   0.0154647
  0.00931319
   0.0122328
  0.00681783
  0.00932506
  0.00466786
  0.00676503
  0.00288531
   0.0045761
  0.00149216
   0.0027817
 0.000510396
  0.00140525
-3.80073e-05
 0.000470208
-0.000131079
           0
