           0
-0.000148425
 -0.00029685
-0.000443847
-0.000590844
-0.000734997
 -0.00087915
 -0.00101907
 -0.00115899
 -0.00129334
 -0.00142769
 -0.00155515
 -0.00168261
 -0.00180199
 -0.00192136
  -0.0020315
 -0.00214163
 -0.00224144
 -0.00234126
 -0.00242981
 -0.00251836
  -0.0025948
 -0.00267124
 -0.00273481
 -0.00279838
 -0.00284849
 -0.00289859
 -0.00293475
  -0.0029709
 -0.00299275
  -0.0030146
 -0.00302194
 -0.00302927
 -0.00302203
 -0.00301478
 -0.00299301
 -0.00297125
 -0.00293517
 -0.00289909
 -0.00284905
 -0.00279901
 -0.00273549
 -0.00267197
 -0.00259557
 -0.00251917
 -0.00243065
 -0.00234212
  -0.0022423
 -0.00214248
 -0.00203234
  -0.0019222
  -0.0018028
  -0.0016834
 -0.00155589
 -0.00142837
 -0.00129398
 -0.00115958
  -0.0010196
-0.000879611
-0.000735386
 -0.00059116
-0.000444086
-0.000297012
-0.000148506
           0
