          0
  0.0151405
  0.0293257
  0.0425835
  0.0549283
  0.0663949
  0.0769909
  0.0867577
  0.0956965
   0.103855
   0.111228
    0.11787
    0.12377
   0.128987
   0.133503
   0.137387
   0.140613
   0.143254
   0.145281
   0.146771
   0.147691
   0.148121
   0.148026
   0.147488
   0.146468
   0.145054
   0.143202
   0.141003
   0.138411
   0.135518
   0.132277
   0.128781
   0.124983
   0.120976
   0.116713
   0.112286
   0.107649
   0.102894
  0.0979756
  0.0929837
  0.0878748
  0.0827374
  0.0775301
  0.0723386
  0.0671244
  0.0619702
   0.056841
  0.0518154
  0.0468629
  0.0420574
  0.0373732
  0.0328792
   0.028555
  0.0244639
  0.0205913
  0.0169947
  0.0136653
  0.0106546
 0.00796013
  0.0056268
 0.00365878
 0.00209434
0.000944371
0.000240351
          0
