           0
   0.0142747
   0.0293274
   0.0399944
   0.0549317
   0.0621074
   0.0769959
   0.0808132
   0.0957032
   0.0963109
    0.111237
    0.108799
    0.123779
    0.118475
    0.133515
    0.125537
    0.140625
    0.130179
    0.145295
    0.132598
    0.147705
    0.132986
    0.148041
    0.131537
    0.146485
     0.12844
    0.143219
    0.123887
    0.138428
    0.118063
    0.132294
    0.111157
    0.125001
    0.103352
     0.11673
   0.0948317
    0.107667
   0.0857777
   0.0979924
   0.0763698
   0.0878911
   0.0667861
   0.0775456
   0.0572035
   0.0671391
   0.0477972
   0.0568547
    0.038741
   0.0468754
   0.0302074
   0.0373844
   0.0223678
   0.0285647
   0.0153923
   0.0205996
  0.00945028
   0.0136721
  0.00471004
  0.00796524
   0.0013393
  0.00366221
-0.000494787
 0.000946096
-0.000625472
           0
