          0
-0.00100212
-0.00200423
  -0.003002
-0.00399977
-0.00498869
-0.00597761
-0.00695287
-0.00792812
-0.00888448
-0.00984084
 -0.0107725
 -0.0117042
 -0.0126048
 -0.0135054
 -0.0143679
 -0.0152304
 -0.0160472
 -0.0168639
 -0.0176265
 -0.0183891
 -0.0190888
 -0.0197884
  -0.020416
 -0.0210435
 -0.0215896
 -0.0221356
 -0.0225908
  -0.023046
 -0.0234011
 -0.0237563
 -0.0240029
 -0.0242494
 -0.0243796
 -0.0245098
 -0.0245169
  -0.024524
 -0.0244027
 -0.0242815
 -0.0240281
 -0.0237747
 -0.0233873
 -0.0229999
 -0.0224786
 -0.0219574
 -0.0213046
 -0.0206519
 -0.0198723
 -0.0190926
  -0.018193
 -0.0172933
 -0.0162827
 -0.0152722
  -0.014162
 -0.0130518
 -0.0118553
 -0.0106588
-0.00939087
-0.00812299
-0.00680025
-0.00547751
-0.00411754
-0.00275757
-0.00137879
          0
