Residual: 
5.78755
4.37421
3.94025
3.69025
3.51448
3.37696
3.26311
3.16577
3.08086
3.00571
2.93847
2.87776
2.82252
2.77192
2.72532
2.68218
2.64206
2.60462
2.56956
2.53664
2.50564
2.4764
2.44875
2.42258
2.39775
2.37419
2.35178
2.33047
2.31016
2.29081
2.27235
2.25472
2.23788
2.22178
2.20639
2.19165
2.17754
2.16401
2.15105
2.13861
2.12668
2.11521
2.1042
2.09361
2.08343
2.07362
2.06418
2.05509
2.04632
2.03786
2.02969
2.02181
2.01419
2.00682
1.99969
1.99279
1.9861
1.97962
1.97333
1.96723
1.96131
1.95555
1.94996
1.94451
1.93921
1.93405
1.92902
1.92411
1.91932
1.91464
1.91007
1.90561
1.90124
1.89696
1.89277
1.88867
1.88465
1.8807
1.87683
1.87303
1.8693
1.86563
1.86202
1.85847
1.85497
1.85153
1.84814
1.8448
1.84151
1.83826
1.83505
1.83189
1.82876
1.82567
1.82262
1.81961
1.81662
1.81367
1.81075
1.80786
1.805
1.80216
1.79935
1.79657
1.79381
1.79108
1.78837
1.78567
1.78301
1.78036
1.77773
1.77512
1.77252
1.76995
1.76739
1.76485
1.76233
1.75982
1.75732
1.75484
1.75238
1.74992
1.74748
1.74506
1.74265
1.74024
1.73785
1.73548
1.73311
1.73075
1.72841
1.72607
1.72375
1.72143
1.71912
1.71683
1.71454
1.71226
1.70999
1.70773
1.70547
1.70323
1.70099
1.69876
1.69653
1.69432
1.69211
1.68991
1.68771
1.68553
1.68334
1.68117
1.679
1.67684
1.67468
1.67253
1.67039
1.66825
1.66612
1.66399
1.66187
1.65975
1.65764
1.65554
1.65344
1.65134
1.64925
1.64717
1.64509
1.64301
1.64094
1.63888
1.63681
1.63476
1.6327
1.63066
1.62861
1.62657
1.62454
1.62251
1.62048
1.61846
1.61644
1.61442
1.61241
1.61041
1.60841
1.60641
1.60441
1.60242
1.60043
1.59845
1.59647
1.59449
1.59252
1.59055
1.58858
1.58662
1.58466
1.58271
1.58075
1.5788
1.57686
1.57492
1.57298
1.57104
1.56911
1.56718
1.56525
1.56333
1.56141
1.55949
1.55758
1.55567
1.55376
1.55186
1.54996
1.54806
1.54616
1.54427
1.54238
1.54049
1.53861
1.53673
1.53485
1.53298
1.5311
1.52923
1.52737
1.5255
1.52364
1.52178
1.51993
1.51807
1.51622
1.51438
1.51253
1.51069
1.50885
1.50701
1.50518
1.50335
1.50152
1.49969
1.49787
1.49604
1.49422
1.49241
1.49059
1.48878
1.48697
1.48517
1.48336
1.48156
1.47976
1.47797
1.47617
1.47438
1.47259
1.47081
1.46902
1.46724
1.46546
1.46368
1.46191
1.46014
1.45837
1.4566
1.45483
1.45307
1.45131
1.44955
1.4478
1.44604
1.44429
1.44254
1.4408
1.43905
1.43731
1.43557
1.43383
1.4321
1.43036
1.42863
1.4269
1.42518
1.42345
1.42173
1.42001
1.4183
1.41658
1.41487
1.41316
1.41145
1.40974
1.40804
1.40634
1.40464
1.40294
1.40124
1.39955
1.39786
1.39617
1.39448
1.3928
1.39111
1.38943
1.38776
1.38608
1.38441
1.38273
1.38106
1.3794
1.37773
1.37607
1.3744
1.37274
1.37109
1.36943
1.36778
1.36613
1.36448
1.36283
1.36119
1.35954
1.3579
1.35626
1.35463
1.35299
1.35136
1.34973
1.3481
1.34647
1.34485
1.34323
1.3416
1.33999
1.33837
1.33675
1.33514
1.33353
1.33192
1.33032
1.32871
1.32711
1.32551
1.32391
1.32231
1.32072
1.31912
1.31753
1.31594
1.31436
1.31277
1.31119
1.30961
1.30803
1.30645
1.30488
1.3033
1.30173
1.30016
1.29859
1.29703
1.29546
1.2939
1.29234
1.29078
1.28923
1.28767
1.28612
1.28457
1.28302
1.28148
1.27993
1.27839
1.27685
1.27531
1.27377
1.27223
1.2707
1.26917
1.26764
1.26611
1.26459
1.26306
1.26154
1.26002
1.2585
1.25698
1.25547
1.25395
1.25244
1.25093
1.24943
1.24792
1.24642
1.24491
1.24341
1.24192
1.24042
1.23892
1.23743
1.23594
1.23445
1.23296
1.23148
1.22999
1.22851
1.22703
1.22555
1.22407
1.2226
1.22113
1.21965
1.21818
1.21672
1.21525
1.21379
1.21232
1.21086
1.2094
1.20795
1.20649
1.20504
1.20359
1.20214
1.20069
1.19924
1.1978
1.19635
1.19491
1.19347
1.19203
1.1906
1.18916
1.18773
1.1863
1.18487
1.18344
1.18202
1.18059
1.17917
1.17775
1.17633
1.17491
1.1735
1.17208
1.17067
1.16926
1.16785
1.16644
1.16504
1.16364
1.16223
1.16083
1.15943
1.15804
1.15664
1.15525
1.15386
1.15247
1.15108
1.14969
1.14831
1.14692
1.14554
1.14416
1.14278
1.14141
1.14003
1.13866
1.13729
1.13592
1.13455
1.13318
1.13182
1.13045
1.12909
1.12773
1.12637
1.12501
1.12366
1.12231
1.12095
1.1196
1.11825
1.11691
1.11556
1.11422
1.11288
1.11154
1.1102
1.10886
1.10752
1.10619
1.10486
1.10353
1.1022
1.10087
1.09954
1.09822
1.09689
1.09557
1.09425
1.09294
1.09162
1.0903
1.08899
1.08768
1.08637
1.08506
1.08375
1.08245
1.08114
1.07984
1.07854
1.07724
1.07594
1.07465
1.07335
1.07206
1.07077
1.06948
1.06819
1.0669
1.06562
1.06433
1.06305
1.06177
1.06049
1.05921
1.05794
1.05666
1.05539
1.05412
1.05285
1.05158
1.05032
1.04905
1.04779
1.04652
1.04526
1.044
1.04275
1.04149
1.04024
1.03898
1.03773
1.03648
1.03523
1.03399
1.03274
1.0315
1.03025
1.02901
1.02777
1.02654
1.0253
1.02406
1.02283
1.0216
1.02037
1.01914
1.01791
1.01668
1.01546
1.01424
1.01301
1.01179
1.01058
1.00936
1.00814
1.00693
1.00572
1.0045
1.00329
1.00209
1.00088
0.999673
0.998469
0.997266
0.996064
0.994865
0.993666
0.992469
0.991274
0.99008
0.988887
0.987696
0.986506
0.985318
0.984131
0.982946
0.981761
0.980579
0.979398
0.978218
0.97704
0.975863
0.974687
0.973513
0.97234
0.971169
0.969999
0.968831
0.967664
0.966498
0.965334
0.964171
0.96301
0.96185
0.960691
0.959534
0.958378
0.957224
0.956071
0.954919
0.953769
0.95262
0.951472
0.950326
0.949181
0.948038
0.946896
0.945756
0.944616
0.943479
0.942342
0.941207
0.940073
0.938941
0.93781
0.93668
0.935552
0.934425
0.933299
0.932175
0.931052
0.929931
0.928811
0.927692
0.926574
0.925458
0.924343
0.92323
0.922118
0.921007
0.919898
0.91879
0.917683
0.916578
0.915474
0.914371
0.913269
0.912169
0.911071
0.909973
0.908877
0.907782
0.906689
0.905597
0.904506
0.903416
0.902328
0.901241
0.900155
0.899071
0.897988
0.896907
0.895826
0.894747
0.893669
0.892593
0.891518
0.890444
0.889371
0.8883
0.88723
0.886161
0.885094
0.884028
0.882963
0.881899
0.880837
0.879776
0.878716
0.877658
0.8766
0.875544
0.87449
0.873437
0.872384
0.871334
0.870284
0.869236
0.868189
0.867143
0.866098
0.865055
0.864013
0.862972
0.861933
0.860895
0.859858
0.858822
0.857788
0.856754
0.855722
0.854691
0.853662
0.852634
0.851607
0.850581
0.849556
0.848533
0.847511
0.84649
0.84547
0.844452
0.843435
0.842419
0.841404
0.840391
0.839378
0.838367
0.837357
0.836349
0.835341
0.834335
0.83333
0.832326
0.831324
0.830322
0.829322
0.828323
0.827325
0.826329
0.825333
0.824339
0.823346
0.822355
0.821364
0.820375
0.819386
0.818399
0.817414
0.816429
0.815446
0.814463
0.813482
0.812502
0.811524
0.810546
0.80957
0.808595
0.807621
0.806648
0.805676
0.804706
0.803736
0.802768
0.801801
0.800836
0.799871
Residual: 
0.000490283
0.000487279
0.00048431
0.000481376
0.000478475
0.000475607
0.000472771
0.000469966
0.000467192
0.000464448
0.000461733
0.000459047
0.000456388
0.000453757
0.000451153
0.000448575
0.000446022
0.000443495
0.000440992
0.000438513
0.000436058
0.000433626
0.000431216
0.000428829
0.000426463
0.000424118
0.000421794
0.000419491
0.000417207
0.000414944
0.000412699
0.000410474
0.000408267
0.000406078
0.000403907
0.000401753
0.000399617
0.000397498
0.000395395
0.000393309
0.000391239
0.000389184
0.000387146
0.000385122
0.000383113
0.00038112
0.00037914
0.000377175
0.000375224
0.000373287
0.000371363
0.000369453
0.000367556
0.000365673
0.000363802
0.000361943
0.000360098
0.000358264
0.000356443
0.000354633
0.000352836
0.00035105
0.000349275
0.000347512
0.00034576
0.000344019
0.000342289
0.00034057
0.000338861
0.000337163
0.000335475
0.000333798
0.00033213
0.000330473
0.000328825
0.000327188
0.00032556
0.000323941
0.000322333
0.000320733
0.000319143
0.000317562
0.00031599
0.000314427
0.000312873
0.000311328
0.000309792
0.000308263
0.000306744
0.000305234
0.000303731
0.000302237
0.00030075
0.000299273
0.000297804
0.000296342
0.000294889
0.000293443
0.000292005
0.000290575
0.000289152
0.000287738
0.00028633
0.000284931
0.000283539
0.000282153
0.000280776
0.000279405
0.000278042
0.000276686
0.000275337
0.000273995
0.00027266
0.000271333
0.000270012
0.000268697
0.00026739
0.00026609
0.000264795
0.000263509
0.000262228
0.000260953
0.000259686
0.000258425
0.000257171
0.000255922
0.00025468
0.000253444
0.000252215
0.000250992
0.000249775
0.000248563
0.000247359
0.00024616
0.000244968
0.00024378
0.0002426
0.000241426
0.000240257
0.000239094
0.000237936
0.000236785
0.000235639
0.000234499
0.000233365
0.000232236
0.000231112
0.000229995
0.000228883
0.000227777
0.000226676
0.00022558
0.00022449
0.000223405
0.000222325
0.000221251
0.000220182
0.000219118
0.00021806
0.000217007
0.000215959
0.000214916
0.000213878
0.000212846
0.000211818
0.000210796
0.000209778
0.000208765
0.000207758
0.000206756
0.000205758
0.000204765
0.000203776
0.000202794
0.000201815
0.000200841
0.000199873
0.000198908
0.000197949
0.000196995
0.000196044
0.0001951
0.000194158
0.000193222
0.00019229
0.000191362
0.00019044
0.000189522
0.000188608
0.000187699
0.000186794
0.000185893
0.000184997
0.000184105
0.000183218
0.000182334
0.000181456
0.000180581
0.000179711
0.000178844
0.000177982
0.000177125
0.00017627
0.000175422
0.000174576
0.000173735
0.000172898
0.000172064
0.000171236
0.000170411
0.00016959
0.000168772
0.000167958
0.00016715
0.000166344
0.000165542
0.000164745
0.000163951
0.000163162
0.000162376
0.000161593
0.000160815
0.000160039
0.000159269
0.000158501
0.000157739
0.000156977
0.000156222
0.000155469
0.000154721
0.000153975
0.000153233
0.000152495
0.000151761
0.00015103
0.000150303
0.000149578
0.000148859
0.00014814
0.000147427
0.000146718
0.00014601
0.000145307
0.000144607
0.000143911
0.000143218
0.000142528
0.000141842
0.000141158
0.000140478
0.000139801
0.000139128
0.000138459
0.000137791
0.000137128
0.000136467
0.000135811
0.000135156
0.000134506
0.000133857
0.000133212
0.000132571
0.000131933
0.000131297
0.000130665
0.000130036
0.000129409
0.000128786
0.000128166
0.000127549
0.000126934
0.000126324
0.000125715
0.00012511
0.000124507
0.000123907
0.000123311
0.000122716
0.000122126
0.000121537
0.000120953
0.000120371
0.000119791
0.000119214
0.00011864
0.000118068
0.0001175
0.000116933
0.000116371
0.00011581
0.000115252
0.000114697
0.000114145
0.000113595
0.000113048
0.000112504
0.000111962
0.000111423
0.000110886
0.000110352
0.000109822
0.000109292
0.000108765
0.000108243
0.000107722
0.000107202
0.000106686
0.000106172
0.00010566
0.000105152
0.000104646
0.000104143
0.00010364
0.000103142
0.000102645
0.00010215
0.000101658
0.00010117
0.000100682
0.000100198
9.9715e-05
9.92351e-05
9.8757e-05
9.8281e-05
9.78076e-05
9.73368e-05
9.68689e-05
9.64023e-05
9.59371e-05
9.54755e-05
9.5016e-05
9.45575e-05
9.41021e-05
9.36501e-05
9.31989e-05
9.275e-05
9.23036e-05
9.18596e-05
9.14163e-05
9.0977e-05
9.05384e-05
9.01022e-05
8.96684e-05
8.92371e-05
8.88077e-05
8.83803e-05
8.79543e-05
8.75289e-05
8.71084e-05
8.66892e-05
8.6273e-05
8.58559e-05
8.54425e-05
8.50308e-05
8.46221e-05
8.42144e-05
8.38084e-05
8.34056e-05
8.30045e-05
8.26042e-05
8.22065e-05
8.1811e-05
8.14163e-05
8.10252e-05
8.06341e-05
8.02466e-05
7.98599e-05
7.94748e-05
7.90918e-05
7.87117e-05
7.8333e-05
7.79557e-05
7.75814e-05
7.72066e-05
7.68345e-05
7.64652e-05
7.6097e-05
7.57312e-05
7.53659e-05
7.50027e-05
7.46413e-05
7.4282e-05
7.39243e-05
7.35673e-05
7.3214e-05
7.28612e-05
7.25102e-05
7.21616e-05
7.18133e-05
7.14682e-05
7.11232e-05
7.07824e-05
7.0441e-05
7.0101e-05
6.9764e-05
6.94278e-05
6.90939e-05
6.87607e-05
6.84296e-05
6.81004e-05
6.77727e-05
6.74475e-05
6.71215e-05
6.67973e-05
6.64768e-05
6.61562e-05
6.58382e-05
6.55213e-05
6.52045e-05
6.48911e-05
6.45785e-05
6.42677e-05
6.3958e-05
6.36508e-05
6.3344e-05
6.30398e-05
6.27353e-05
6.24347e-05
6.21329e-05
6.18326e-05
6.15355e-05
6.12392e-05
6.09451e-05
6.0651e-05
6.03601e-05
6.00674e-05
5.97787e-05
5.949e-05
5.92049e-05
5.89194e-05
5.86354e-05
5.83525e-05
5.80727e-05
5.77929e-05
5.75133e-05
5.72376e-05
5.69623e-05
5.66886e-05
5.64157e-05
5.61433e-05
5.58723e-05
5.56035e-05
5.53365e-05
5.50704e-05
5.48044e-05
5.45408e-05
5.42787e-05
5.40166e-05
5.37568e-05
5.34973e-05
5.32388e-05
5.29843e-05
5.27286e-05
5.24752e-05
5.22221e-05
5.19708e-05
5.17203e-05
5.14719e-05
5.12232e-05
5.09767e-05
5.07309e-05
5.04866e-05
5.0244e-05
5.0001e-05
4.97606e-05
4.95225e-05
4.92833e-05
4.90463e-05
4.88099e-05
4.85735e-05
4.8341e-05
4.81084e-05
4.78765e-05
4.76464e-05
4.74159e-05
4.71887e-05
4.69605e-05
4.67345e-05
4.65095e-05
4.62851e-05
4.60625e-05
4.58415e-05
4.56195e-05
4.54007e-05
4.51819e-05
4.49648e-05
4.47481e-05
4.45322e-05
4.43179e-05
4.41044e-05
4.38915e-05
4.36802e-05
4.347e-05
4.32616e-05
4.30533e-05
4.28461e-05
4.26389e-05
4.24335e-05
4.22287e-05
4.2026e-05
4.18236e-05
4.16227e-05
4.14219e-05
4.12218e-05
4.10243e-05
4.0827e-05
4.06301e-05
4.04338e-05
4.024e-05
4.00456e-05
3.98531e-05
3.96608e-05
3.94703e-05
3.92797e-05
3.909e-05
3.8902e-05
3.87151e-05
3.85284e-05
3.83441e-05
3.81589e-05
3.79744e-05
3.7792e-05
3.76097e-05
3.74292e-05
3.72491e-05
3.70682e-05
3.68903e-05
3.6713e-05
3.65372e-05
3.63604e-05
3.61853e-05
3.60118e-05
3.58384e-05
3.56652e-05
3.54938e-05
3.53227e-05
3.51521e-05
3.49828e-05
3.48148e-05
3.46467e-05
3.44798e-05
3.43143e-05
3.41487e-05
3.39848e-05
3.38208e-05
3.36592e-05
3.34962e-05
3.33353e-05
3.31736e-05
3.30142e-05
3.28559e-05
3.26978e-05
3.25397e-05
3.23837e-05
3.22277e-05
3.20717e-05
3.1918e-05
3.17646e-05
3.16108e-05
3.14583e-05
3.13076e-05
3.11566e-05
3.1006e-05
3.0857e-05
3.07092e-05
3.0562e-05
3.04136e-05
3.02676e-05
3.01208e-05
2.99761e-05
2.98311e-05
2.96881e-05
2.95448e-05
2.94031e-05
2.92616e-05
2.91206e-05
2.89806e-05
2.88413e-05
2.87017e-05
2.85633e-05
2.84261e-05
2.82897e-05
2.81524e-05
2.80169e-05
2.78828e-05
2.77482e-05
2.76144e-05
2.7482e-05
2.735e-05
2.72192e-05
2.70861e-05
2.69555e-05
2.68264e-05
2.66973e-05
2.65684e-05
2.64398e-05
2.63135e-05
2.61863e-05
2.60611e-05
2.59346e-05
2.58108e-05
2.56864e-05
2.5562e-05
2.54389e-05
2.5317e-05
2.51945e-05
2.50731e-05
2.4953e-05
2.4833e-05
2.47128e-05
2.45945e-05
2.44752e-05
2.43569e-05
2.42405e-05
2.41238e-05
2.40077e-05
2.3893e-05
2.37768e-05
2.36626e-05
2.35483e-05
2.34354e-05
2.33224e-05
2.32099e-05
2.30991e-05
2.29866e-05
2.28771e-05
2.2766e-05
2.26559e-05
2.25479e-05
2.24386e-05
2.23315e-05
2.22224e-05
2.21161e-05
2.20096e-05
2.19029e-05
2.17988e-05
2.16934e-05
2.15889e-05
2.14853e-05
2.1382e-05
2.12795e-05
2.11749e-05
2.10749e-05
2.09717e-05
2.08721e-05
2.077e-05
2.06713e-05
2.0572e-05
2.04722e-05
2.03736e-05
2.02768e-05
2.01781e-05
2.00824e-05
1.99838e-05
1.98892e-05
1.97918e-05
1.96962e-05
1.96026e-05
1.95088e-05
1.94143e-05
1.93206e-05
1.92275e-05
1.91336e-05
1.90435e-05
1.89516e-05
1.88594e-05
1.8769e-05
1.8679e-05
1.85884e-05
1.84987e-05
1.84094e-05
1.83218e-05
1.82333e-05
1.81458e-05
1.80596e-05
1.79718e-05
1.78847e-05
1.77976e-05
1.77123e-05
1.76278e-05
1.75423e-05
1.74591e-05
1.73744e-05
1.7289e-05
1.72066e-05
1.71249e-05
1.70413e-05
1.69596e-05
1.68778e-05
1.67966e-05
1.67152e-05
1.66353e-05
1.65555e-05
1.64751e-05
1.63951e-05
1.63164e-05
1.62387e-05
1.61612e-05
1.60815e-05
1.60053e-05
1.59283e-05
1.58518e-05
1.5776e-05
1.56991e-05
1.56243e-05
1.55485e-05
1.54735e-05
1.53989e-05
1.53246e-05
1.52517e-05
1.51774e-05
1.51047e-05
1.50318e-05
1.49598e-05
1.48856e-05
1.48154e-05
1.47437e-05
1.46731e-05
1.46033e-05
1.45313e-05
1.44624e-05
1.43923e-05
1.43232e-05
1.42543e-05
1.41847e-05
1.41179e-05
1.40496e-05
1.39811e-05
1.3914e-05
1.3847e-05
1.37796e-05
1.37146e-05
1.3648e-05
1.35818e-05
1.35174e-05
1.34513e-05
1.33879e-05
1.33226e-05
1.32596e-05
1.31952e-05
1.31317e-05
1.30687e-05
1.30043e-05
1.29422e-05
1.28811e-05
1.28172e-05
1.27569e-05
1.26946e-05
1.26334e-05
1.25736e-05
1.25118e-05
1.24516e-05
1.23912e-05
1.23328e-05
1.22727e-05
1.22138e-05
1.21566e-05
1.20967e-05
1.20391e-05
1.19801e-05
1.19229e-05
1.18653e-05
1.18084e-05
1.17517e-05
1.16948e-05
1.1639e-05
1.15826e-05
1.15267e-05
1.14705e-05
1.14161e-05
1.13602e-05
1.13071e-05
1.12534e-05
1.11982e-05
1.11434e-05
1.10903e-05
1.10362e-05
1.09841e-05
1.09313e-05
1.0878e-05
1.08254e-05
1.07727e-05
1.07218e-05
1.06705e-05
1.06191e-05
1.05673e-05
1.05167e-05
1.04666e-05
1.04159e-05
1.03661e-05
1.03146e-05
1.02657e-05
1.02167e-05
1.01679e-05
1.01189e-05
1.00702e-05
1.00219e-05
9.9731e-06
9.92464e-06
9.87755e-06
9.8296e-06
9.78194e-06
9.7358e-06
9.68771e-06
9.64203e-06
9.5957e-06
9.5492e-06
9.50266e-06
9.45704e-06
9.41098e-06
9.36627e-06
9.3218e-06
9.27592e-06
9.2315e-06
9.18669e-06
9.14324e-06
9.09911e-06
9.05516e-06
9.01155e-06
8.96827e-06
8.92584e-06
8.88303e-06
8.83929e-06
8.79838e-06
8.75359e-06
8.71217e-06
8.67083e-06
8.62895e-06
8.58707e-06
8.54517e-06
8.50446e-06
8.46341e-06
8.42309e-06
8.38182e-06
8.34192e-06
8.30228e-06
8.26161e-06
8.22203e-06
8.18298e-06
8.143e-06
8.10367e-06
8.06425e-06
8.02616e-06
7.98788e-06
7.94777e-06
7.91086e-06
7.87228e-06
7.83525e-06
7.79665e-06
7.75897e-06
7.72307e-06
7.68451e-06
7.64744e-06
7.6092e-06
7.57404e-06
7.53732e-06
7.50069e-06
7.46542e-06
7.42941e-06
7.39374e-06
7.35732e-06
7.3223e-06
7.28722e-06
7.25214e-06
7.21627e-06
7.18189e-06
7.14818e-06
7.11364e-06
7.07915e-06
7.04599e-06
7.01108e-06
6.97801e-06
6.94412e-06
6.9108e-06
6.87705e-06
6.84445e-06
6.81183e-06
6.77855e-06
6.74616e-06
6.71353e-06
6.68048e-06
6.64809e-06
6.61671e-06
6.58488e-06
6.55282e-06
6.52103e-06
6.4896e-06
6.45853e-06
6.42837e-06
6.39586e-06
6.36593e-06
6.33601e-06
6.30499e-06
6.27467e-06
6.24435e-06
6.21414e-06
6.18452e-06
6.15378e-06
6.12456e-06
6.09415e-06
6.06658e-06
6.03669e-06
6.00806e-06
5.97965e-06
5.95037e-06
5.92085e-06
5.89343e-06
5.86396e-06
5.83614e-06
5.80835e-06
5.78115e-06
5.75219e-06
5.72457e-06
5.69682e-06
5.67018e-06
5.64254e-06
5.61467e-06
5.58713e-06
5.56152e-06
5.53491e-06
5.50853e-06
5.47997e-06
5.45381e-06
5.42844e-06
5.40286e-06
5.3764e-06
5.35111e-06
5.32535e-06
5.29922e-06
5.27295e-06
5.24832e-06
5.22314e-06
5.19756e-06
5.17338e-06
5.14858e-06
5.12318e-06
5.09855e-06
5.07376e-06
5.04878e-06
5.02495e-06
5.00139e-06
4.97765e-06
4.95322e-06
4.9298e-06
4.90625e-06
4.88146e-06
4.85788e-06
4.83419e-06
4.8117e-06
4.78833e-06
4.7651e-06
4.74225e-06
4.71992e-06
4.69757e-06
4.67521e-06
4.65212e-06
4.63013e-06
4.60771e-06
4.58485e-06
4.56308e-06
4.5413e-06
4.51899e-06
4.49702e-06
4.47531e-06
4.45348e-06
4.43346e-06
4.4111e-06
4.38975e-06
4.36833e-06
4.34771e-06
4.32623e-06
4.30606e-06
4.28588e-06
4.2646e-06
4.24424e-06
4.22323e-06
4.20415e-06
4.18377e-06
4.16264e-06
4.14339e-06
4.12293e-06
4.10274e-06
4.08365e-06
4.06279e-06
4.04383e-06
4.0239e-06
4.00485e-06
3.98602e-06
3.96763e-06
3.94819e-06
3.92798e-06
3.9106e-06
3.89213e-06
3.87146e-06
3.85338e-06
3.83522e-06
3.81673e-06
3.79716e-06
3.77956e-06
3.76045e-06
3.74406e-06
3.72549e-06
3.7081e-06
3.6907e-06
3.67281e-06
3.65441e-06
3.63638e-06
3.62098e-06
3.60202e-06
3.58482e-06
3.56693e-06
3.55019e-06
3.53157e-06
3.51498e-06
3.4995e-06
3.482e-06
3.46534e-06
3.44909e-06
3.43239e-06
3.41544e-06
3.39816e-06
3.38265e-06
3.36624e-06
3.3501e-06
3.33466e-06
3.31847e-06
3.30151e-06
3.28579e-06
3.27028e-06
3.25454e-06
3.23839e-06
3.22305e-06
3.20722e-06
3.19229e-06
3.17674e-06
3.16248e-06
3.14527e-06
3.13014e-06
3.11518e-06
3.09992e-06
3.08518e-06
3.07054e-06
3.05688e-06
3.04111e-06
3.02697e-06
3.01313e-06
2.99807e-06
2.98367e-06
2.96907e-06
2.95569e-06
2.93995e-06
2.9264e-06
2.91222e-06
2.89916e-06
2.88506e-06
2.86993e-06
2.85672e-06
2.84269e-06
2.82883e-06
2.81572e-06
2.80213e-06
2.78815e-06
2.77525e-06
2.76151e-06
2.74895e-06
2.73485e-06
2.72185e-06
2.70975e-06
2.69645e-06
2.68246e-06
2.67032e-06
2.65729e-06
2.64394e-06
2.63092e-06
2.61915e-06
2.60643e-06
2.59271e-06
2.58317e-06
2.5688e-06
2.55652e-06
2.54453e-06
2.53209e-06
2.51916e-06
2.50855e-06
2.4966e-06
2.48445e-06
2.47092e-06
2.45988e-06
2.44711e-06
2.43643e-06
2.42421e-06
2.41233e-06
2.40098e-06
2.38967e-06
2.37733e-06
2.36538e-06
2.35491e-06
2.34425e-06
2.3324e-06
2.32219e-06
2.31107e-06
2.29981e-06
2.28813e-06
2.27633e-06
2.2664e-06
2.2558e-06
2.24409e-06
2.23403e-06
2.22273e-06
2.21301e-06
2.20192e-06
2.19078e-06
2.18047e-06
2.17025e-06
2.16004e-06
2.1489e-06
2.13814e-06
2.12768e-06
2.11837e-06
2.10745e-06
2.09878e-06
2.08813e-06
2.07657e-06
2.067e-06
2.05751e-06
2.04737e-06
2.03695e-06
2.02925e-06
2.01868e-06
2.00818e-06
1.99894e-06
1.98888e-06
1.97907e-06
1.9698e-06
1.96128e-06
1.9516e-06
1.94108e-06
1.93167e-06
1.92394e-06
1.91338e-06
1.90414e-06
1.89519e-06
1.88579e-06
1.87741e-06
1.86862e-06
1.8591e-06
1.85063e-06
1.84287e-06
1.83247e-06
1.82469e-06
1.81506e-06
1.80624e-06
1.79862e-06
1.78737e-06
1.77933e-06
1.77104e-06
1.76263e-06
1.75385e-06
1.74654e-06
1.73813e-06
1.72963e-06
1.72044e-06
1.71324e-06
1.70417e-06
1.69631e-06
1.68851e-06
1.68014e-06
1.67236e-06
1.66382e-06
1.65564e-06
1.64771e-06
1.64053e-06
1.63228e-06
1.62413e-06
1.61667e-06
1.60767e-06
1.60049e-06
1.59223e-06
1.58452e-06
1.57698e-06
1.56907e-06
1.56181e-06
1.55389e-06
1.54568e-06
1.53891e-06
1.53223e-06
1.52526e-06
1.51739e-06
1.51069e-06
1.50327e-06
1.49629e-06
1.48969e-06
1.48189e-06
1.47437e-06
1.46748e-06
1.46091e-06
1.45331e-06
1.44671e-06
1.43974e-06
1.43381e-06
1.42572e-06
1.41854e-06
1.41237e-06
1.40559e-06
1.39703e-06
1.39175e-06
1.38492e-06
1.37749e-06
1.37182e-06
1.36542e-06
1.35807e-06
1.35228e-06
1.34441e-06
1.3391e-06
1.33379e-06
1.32589e-06
1.32049e-06
1.31314e-06
1.30755e-06
1.30097e-06
1.29546e-06
1.28676e-06
1.28147e-06
1.27593e-06
1.26998e-06
1.26376e-06
1.25813e-06
1.25193e-06
1.24525e-06
1.24046e-06
1.23313e-06
1.22742e-06
1.22102e-06
1.21644e-06
1.21037e-06
1.20477e-06
1.19731e-06
1.19137e-06
1.18686e-06
1.18088e-06
1.17542e-06
1.16926e-06
1.16411e-06
1.15882e-06
1.15278e-06
1.14772e-06
1.14319e-06
1.13696e-06
1.1318e-06
1.12605e-06
1.12145e-06
1.1149e-06
1.10873e-06
1.10444e-06
1.09925e-06
1.09337e-06
1.08815e-06
1.08297e-06
1.07747e-06
1.07275e-06
1.06789e-06
1.06265e-06
1.05707e-06
1.05268e-06
1.04725e-06
1.04177e-06
1.03706e-06
1.03221e-06
1.02696e-06
1.02242e-06
1.01883e-06
1.01162e-06
1.00877e-06
1.00172e-06
9.98201e-07
9.92677e-07
9.88628e-07
9.83829e-07
9.79275e-07
9.72706e-07
9.69921e-07
9.63898e-07
9.58966e-07
9.5536e-07
9.50564e-07
9.46048e-07
9.4173e-07
9.36036e-07
9.32648e-07
9.27557e-07
9.24393e-07
9.18875e-07
9.14426e-07
9.09665e-07
9.06437e-07
9.01543e-07
8.96382e-07
8.92892e-07
8.87796e-07
8.84908e-07
8.79364e-07
8.76119e-07
8.70827e-07
8.67156e-07
8.6288e-07
8.59934e-07
8.54843e-07
8.5088e-07
8.45718e-07
8.42676e-07
8.38232e-07
8.33908e-07
8.30925e-07
8.27377e-07
8.21845e-07
8.18658e-07
8.14422e-07
8.09442e-07
8.06689e-07
8.02058e-07
7.98673e-07
7.95838e-07
7.91604e-07
7.88379e-07
7.84309e-07
7.79387e-07
7.75905e-07
7.72219e-07
7.68667e-07
7.65135e-07
7.61048e-07
7.58498e-07
7.54115e-07
7.50186e-07
7.4748e-07
7.42743e-07
7.39632e-07
7.35347e-07
7.32977e-07
7.29072e-07
7.25302e-07
7.22581e-07
7.1758e-07
7.14924e-07
7.11687e-07
7.07836e-07
7.05974e-07
7.01897e-07
6.98712e-07
6.955e-07
6.9081e-07
6.87657e-07
6.84746e-07
6.81668e-07
6.78551e-07
6.74894e-07
6.71674e-07
6.68093e-07
6.64824e-07
6.6209e-07
6.59146e-07
6.55696e-07
6.5214e-07
6.49511e-07
6.45262e-07
6.43469e-07
6.41505e-07
6.3698e-07
6.33393e-07
6.30064e-07
6.27341e-07
6.25045e-07
6.21736e-07
6.17859e-07
6.14816e-07
6.12978e-07
6.10581e-07
6.0669e-07
6.03378e-07
5.99659e-07
5.98024e-07
5.9639e-07
5.91619e-07
5.89984e-07
5.87735e-07
5.8391e-07
5.8113e-07
5.78475e-07
5.74246e-07
5.73294e-07
5.70197e-07
5.67692e-07
5.64957e-07
5.61994e-07
5.5977e-07
5.56918e-07
5.53491e-07
5.50126e-07
5.4816e-07
5.44711e-07
5.43026e-07
5.40031e-07
5.37534e-07
5.36869e-07
5.32422e-07
5.29806e-07
5.27669e-07
5.24355e-07
5.21929e-07
5.1979e-07
5.17301e-07
5.14662e-07
5.14131e-07
5.1005e-07
5.07397e-07
5.0583e-07
5.029e-07
5.00824e-07
4.98504e-07
4.95766e-07
4.92084e-07
4.91737e-07
4.88775e-07
4.85763e-07
4.83899e-07
4.81456e-07
4.78403e-07
4.76472e-07
4.73316e-07
4.70999e-07
4.70007e-07
4.67432e-07
4.64858e-07
4.62121e-07
4.61159e-07
4.58918e-07
4.55692e-07
4.5452e-07
4.52272e-07
4.50264e-07
4.48306e-07
4.45795e-07
4.42725e-07
4.41848e-07
4.39479e-07
4.37104e-07
4.35444e-07
4.32912e-07
4.30419e-07
4.28657e-07
4.27068e-07
4.2528e-07
4.2231e-07
4.20658e-07
4.18309e-07
4.16499e-07
4.14882e-07
4.11407e-07
4.10528e-07
4.09425e-07
4.07257e-07
4.03834e-07
4.02548e-07
4.02003e-07
3.98435e-07
3.9586e-07
3.94146e-07
3.93098e-07
3.91433e-07
3.88361e-07
3.87024e-07
3.86057e-07
3.8408e-07
3.81584e-07
3.80003e-07
3.77613e-07
3.77009e-07
3.74739e-07
3.73387e-07
3.71086e-07
3.71072e-07
3.68236e-07
3.65617e-07
3.64384e-07
3.62522e-07
3.61326e-07
3.58571e-07
3.57351e-07
3.55594e-07
3.54837e-07
3.52208e-07
3.5013e-07
3.48034e-07
3.46962e-07
3.46242e-07
3.43703e-07
3.41577e-07
3.40762e-07
3.38721e-07
3.36778e-07
3.35691e-07
3.34316e-07
3.31725e-07
3.30389e-07
3.28214e-07
3.27443e-07
3.25972e-07
3.24761e-07
3.21684e-07
3.21475e-07
3.19288e-07
3.17817e-07
3.15702e-07
3.14545e-07
3.13284e-07
3.12054e-07
3.11143e-07
3.08645e-07
3.06096e-07
3.05565e-07
3.04346e-07
3.02386e-07
3.0202e-07
2.99778e-07
2.97619e-07
2.97141e-07
2.9625e-07
2.9448e-07
2.92809e-07
2.90899e-07
2.88741e-07
2.89012e-07
2.87017e-07
2.85947e-07
2.84646e-07
2.8283e-07
2.81242e-07
2.79669e-07
2.79365e-07
2.77618e-07
2.74918e-07
2.75325e-07
2.73929e-07
2.71582e-07
2.70516e-07
2.69234e-07
2.68065e-07
2.67746e-07
2.66226e-07
2.63849e-07
2.632e-07
2.62921e-07
2.6038e-07
2.58912e-07
2.585e-07
2.56079e-07
2.56084e-07
2.55174e-07
2.5372e-07
2.51831e-07
2.51778e-07
2.49468e-07
2.48918e-07
2.48159e-07
2.46302e-07
2.46187e-07
2.44588e-07
2.42898e-07
2.41907e-07
2.40504e-07
2.3957e-07
2.39122e-07
2.36907e-07
2.35931e-07
2.34523e-07
2.33647e-07
2.31418e-07
2.3181e-07
2.30779e-07
2.28814e-07
2.28124e-07
2.27701e-07
2.26141e-07
2.24112e-07
2.23256e-07
2.23205e-07
2.21796e-07
2.2067e-07
2.19014e-07
2.18628e-07
2.16297e-07
2.16044e-07
2.15334e-07
2.13212e-07
2.13163e-07
2.12115e-07
2.11099e-07
2.09994e-07
2.09827e-07
2.08889e-07
2.07382e-07
2.04915e-07
2.04364e-07
2.04473e-07
2.02351e-07
2.01218e-07
2.01196e-07
2.00859e-07
1.99968e-07
1.97785e-07
1.96334e-07
1.96963e-07
1.94135e-07
1.93316e-07
1.93157e-07
1.92514e-07
1.92306e-07
1.90502e-07
1.87959e-07
1.89289e-07
1.8732e-07
1.86555e-07
1.85862e-07
1.85354e-07
1.84501e-07
1.8341e-07
1.82495e-07
1.81044e-07
1.81172e-07
1.79653e-07
1.78439e-07
1.77686e-07
1.76825e-07
1.76859e-07
1.7574e-07
1.74719e-07
1.74122e-07
1.73528e-07
1.71302e-07
1.70907e-07
1.69956e-07
1.69803e-07
1.69138e-07
1.68871e-07
1.66852e-07
1.6628e-07
1.66099e-07
1.6483e-07
1.63901e-07
1.62083e-07
1.63697e-07
1.61606e-07
1.60746e-07
1.60264e-07
1.58972e-07
1.59306e-07
1.57694e-07
1.57175e-07
1.57162e-07
1.55442e-07
1.55436e-07
1.54058e-07
1.5304e-07
1.52216e-07
1.5229e-07
1.51471e-07
1.50792e-07
1.50543e-07
1.49301e-07
1.48529e-07
1.48257e-07
1.47662e-07
1.45856e-07
1.46396e-07
1.44495e-07
1.44664e-07
1.4357e-07
1.44151e-07
1.42632e-07
1.41625e-07
1.4166e-07
1.41639e-07
1.39089e-07
1.39001e-07
1.38817e-07
1.374e-07
1.36751e-07
1.35785e-07
1.36094e-07
1.35408e-07
1.3415e-07
1.33677e-07
1.34363e-07
1.32717e-07
1.32089e-07
1.30673e-07
1.30805e-07
1.30796e-07
1.29142e-07
1.28231e-07
1.28117e-07
1.28327e-07
1.26736e-07
1.26845e-07
1.26798e-07
1.26256e-07
1.24731e-07
1.24236e-07
1.23524e-07
1.22709e-07
1.21428e-07
1.21195e-07
1.20624e-07
1.20427e-07
1.19894e-07
1.18792e-07
1.19176e-07
1.17787e-07
1.17661e-07
1.17525e-07
1.16509e-07
1.15635e-07
1.14652e-07
1.1436e-07
1.1422e-07
1.12314e-07
1.14165e-07
1.12748e-07
1.1203e-07
1.10914e-07
1.11229e-07
1.11127e-07
1.09647e-07
1.10074e-07
1.08413e-07
1.07856e-07
1.06627e-07
1.06133e-07
1.05926e-07
1.05229e-07
1.04614e-07
1.0503e-07
1.04499e-07
1.04495e-07
1.03713e-07
1.03814e-07
1.02731e-07
1.01901e-07
1.02275e-07
1.01001e-07
1.00205e-07
1.00235e-07
9.98716e-08
9.90721e-08
9.81267e-08
9.77259e-08
9.79406e-08
9.83604e-08
9.64369e-08
9.72831e-08
9.59319e-08
9.60279e-08
9.59646e-08
9.41949e-08
9.44604e-08
9.40348e-08
9.30522e-08
9.28384e-08
9.28472e-08
9.22715e-08
9.1307e-08
9.0889e-08
9.03005e-08
9.07012e-08
9.00248e-08
8.92267e-08
8.8614e-08
8.89035e-08
8.80543e-08
8.78842e-08
8.70254e-08
8.63736e-08
8.59255e-08
8.52224e-08
8.48335e-08
8.40541e-08
8.45364e-08
8.41225e-08
8.27257e-08
8.29688e-08
8.25495e-08
8.24539e-08
8.16771e-08
8.15775e-08
8.09357e-08
8.06606e-08
8.08442e-08
8.05544e-08
8.05042e-08
8.03937e-08
7.96948e-08
7.99043e-08
7.89708e-08
7.86561e-08
7.77239e-08
7.68486e-08
7.68316e-08
7.63617e-08
7.57015e-08
7.53469e-08
7.47637e-08
7.52666e-08
7.4617e-08
7.4174e-08
7.37518e-08
7.28686e-08
7.34495e-08
7.28191e-08
7.30884e-08
7.27256e-08
7.23852e-08
7.17028e-08
7.15806e-08
7.18357e-08
7.12028e-08
7.04135e-08
6.98341e-08
7.01033e-08
6.94413e-08
6.88329e-08
6.81466e-08
6.8211e-08
6.79135e-08
6.86215e-08
6.79403e-08
6.73392e-08
6.76781e-08
6.62419e-08
6.61665e-08
6.56566e-08
6.50894e-08
6.50894e-08
6.4176e-08
6.48558e-08
6.32687e-08
6.38652e-08
6.38983e-08
6.30399e-08
6.28168e-08
6.15537e-08
6.15171e-08
6.20903e-08
6.15193e-08
6.1947e-08
6.10394e-08
6.07452e-08
6.05543e-08
6.02343e-08
6.01695e-08
5.99022e-08
5.96501e-08
5.90601e-08
5.92127e-08
5.94795e-08
5.90514e-08
5.86054e-08
5.90734e-08
5.86572e-08
5.80739e-08
5.79879e-08
5.79093e-08
5.78981e-08
5.70131e-08
5.56641e-08
5.6267e-08
5.57774e-08
5.3975e-08
5.52594e-08
5.32098e-08
5.51135e-08
5.36582e-08
5.47093e-08
5.35698e-08
5.38499e-08
5.29361e-08
5.31635e-08
5.24221e-08
5.26058e-08
5.23061e-08
5.19233e-08
5.19525e-08
5.23222e-08
5.14092e-08
5.06443e-08
5.05843e-08
5.10595e-08
5.01068e-08
5.05312e-08
4.91267e-08
4.87795e-08
4.85612e-08
4.89039e-08
4.91295e-08
4.93189e-08
4.85076e-08
4.81802e-08
4.72577e-08
4.76075e-08
4.68082e-08
4.66388e-08
4.65382e-08
4.6321e-08
4.64548e-08
4.69268e-08
4.58322e-08
4.58227e-08
4.53966e-08
4.54873e-08
4.57511e-08
4.55783e-08
4.4888e-08
4.54813e-08
4.4565e-08
4.43736e-08
4.49049e-08
4.47816e-08
4.39187e-08
4.31359e-08
4.29167e-08
4.32921e-08
4.33497e-08
4.28238e-08
4.22272e-08
4.15849e-08
4.10608e-08
4.12051e-08
4.12787e-08
4.15197e-08
4.13076e-08
4.07287e-08
4.0457e-08
4.01773e-08
3.88827e-08
4.02635e-08
3.95024e-08
3.80826e-08
3.91938e-08
3.80142e-08
3.90386e-08
3.8219e-08
3.86478e-08
3.85916e-08
3.87038e-08
3.68792e-08
3.77853e-08
3.74047e-08
3.72885e-08
3.65574e-08
3.71108e-08
3.71925e-08
3.65574e-08
3.60075e-08
3.68174e-08
3.63223e-08
3.64266e-08
3.6664e-08
3.59646e-08
3.53634e-08
3.62237e-08
3.57325e-08
3.54033e-08
3.53297e-08
3.50802e-08
3.47074e-08
3.53259e-08
3.45728e-08
3.33915e-08
3.35672e-08
3.37219e-08
3.36059e-08
3.39494e-08
3.32752e-08
3.32744e-08
3.3161e-08
3.21879e-08
3.26644e-08
3.27754e-08
3.15707e-08
3.1376e-08
3.06276e-08
3.13276e-08
3.1653e-08
3.09936e-08
3.05266e-08
3.11819e-08
3.07971e-08
3.03288e-08
3.10399e-08
3.13138e-08
3.03833e-08
3.06391e-08
2.98986e-08
2.89366e-08
2.99945e-08
2.95172e-08
2.90843e-08
2.9795e-08
2.97331e-08
3.01711e-08
2.92182e-08
2.88372e-08
2.92886e-08
2.89123e-08
2.96272e-08
2.94768e-08
2.93773e-08
2.8777e-08
2.9381e-08
2.87732e-08
2.87204e-08
2.86107e-08
2.78435e-08
2.82801e-08
2.8211e-08
2.82427e-08
2.76216e-08
2.83145e-08
2.80423e-08
2.74118e-08
2.72929e-08
2.76236e-08
2.72083e-08
2.72929e-08
2.70975e-08
2.62717e-08
2.68645e-08
2.69853e-08
2.66283e-08
2.57896e-08
2.63716e-08
2.61103e-08
2.58736e-08
2.56082e-08
2.49792e-08
2.52833e-08
2.43149e-08
2.44472e-08
2.45225e-08
2.45766e-08
2.46163e-08
2.42468e-08
2.43717e-08
2.46943e-08
2.42256e-08
2.40448e-08
2.37955e-08
2.33342e-08
2.38592e-08
2.40774e-08
2.41179e-08
2.43717e-08
2.40312e-08
2.33772e-08
2.35723e-08
2.3442e-08
2.32609e-08
2.37989e-08
2.48562e-08
2.48006e-08
2.41527e-08
2.3977e-08
2.41033e-08
2.42345e-08
2.34986e-08
2.36492e-08
2.40312e-08
2.47294e-08
2.44638e-08
2.38898e-08
2.32271e-08
2.34501e-08
2.32831e-08
2.29264e-08
2.32271e-08
2.30585e-08
2.25449e-08
2.22545e-08
2.19207e-08
2.06997e-08
2.1662e-08
2.14609e-08
2.06997e-08
2.19603e-08
2.14204e-08
2.17419e-08
2.06997e-08
2.08042e-08
2.1217e-08
2.12782e-08
2.15013e-08
1.97783e-08
2.01045e-08
2.06367e-08
1.93348e-08
2.00397e-08
1.96242e-08
1.77929e-08
1.99094e-08
1.89725e-08
1.7603e-08
1.8702e-08
1.81548e-08
1.67767e-08
1.83833e-08
1.65457e-08
1.65572e-08
1.67266e-08
1.6686e-08
1.6434e-08
1.67525e-08
1.62482e-08
1.62465e-08
1.62548e-08
1.62932e-08
1.59213e-08
1.57432e-08
1.63728e-08
1.63645e-08
1.61259e-08
1.59519e-08
1.61394e-08
1.63114e-08
1.65113e-08
1.63529e-08
1.58342e-08
1.60569e-08
1.60434e-08
1.56205e-08
1.61041e-08
1.61478e-08
1.58119e-08
1.51823e-08
1.56482e-08
1.55649e-08
1.58342e-08
1.57294e-08
1.60704e-08
1.52553e-08
1.49593e-08
1.59587e-08
1.59281e-08
1.55927e-08
1.53686e-08
1.51608e-08
1.45868e-08
1.44374e-08
1.45942e-08
1.55649e-08
1.51501e-08
1.47714e-08
1.48666e-08
1.47659e-08
1.48884e-08
1.51268e-08
1.53421e-08
1.48374e-08
1.49175e-08
1.48154e-08
1.4311e-08
1.36161e-08
1.47421e-08
1.49484e-08
1.46886e-08
1.51286e-08
1.42788e-08
1.35523e-08
1.36737e-08
1.48319e-08
1.50099e-08
1.44618e-08
1.47641e-08
1.38998e-08
1.37902e-08
1.39076e-08
1.39485e-08
1.40337e-08
1.36658e-08
1.38079e-08
1.3367e-08
1.26159e-08
1.35122e-08
1.3468e-08
1.31214e-08
1.28501e-08
1.29132e-08
1.2888e-08
1.28458e-08
1.25058e-08
1.23664e-08
1.3466e-08
1.24472e-08
1.28163e-08
1.26866e-08
1.20376e-08
1.29383e-08
1.27548e-08
1.1373e-08
1.26438e-08
1.2296e-08
1.26845e-08
1.21273e-08
1.23466e-08
1.19108e-08
1.19108e-08
1.20915e-08
1.24711e-08
1.20623e-08
1.18903e-08
1.28964e-08
1.21072e-08
1.17343e-08
1.21072e-08
1.17712e-08
1.14916e-08
1.22319e-08
1.21519e-08
1.14632e-08
1.15668e-08
1.13109e-08
1.07506e-08
1.1688e-08
1.16787e-08
1.1688e-08
1.09108e-08
1.17988e-08
1.19993e-08
1.2134e-08
1.18172e-08
1.1548e-08
1.14443e-08
1.11662e-08
1.20353e-08
1.2134e-08
1.19631e-08
1.20623e-08
1.22142e-08
1.1954e-08
1.17804e-08
1.16229e-08
1.12146e-08
1.05573e-08
1.06187e-08
1.11662e-08
1.0861e-08
1.17251e-08
1.18994e-08
1.14561e-08
1.11565e-08
1.19404e-08
1.21072e-08
1.15762e-08
1.1137e-08
1.05675e-08
1.05367e-08
1.05573e-08
1.09207e-08
1.14868e-08
1.11565e-08
1.0836e-08
1.14821e-08
1.15762e-08
1.19631e-08
1.1548e-08
1.12917e-08
1.08009e-08
1.04748e-08
1.09851e-08
1.07607e-08
1.13061e-08
1.10196e-08
1.06391e-08
1.1137e-08
1.0851e-08
1.00307e-08
1.03079e-08
1.14253e-08
1.1449e-08
1.14253e-08
1.14963e-08
1.10196e-08
1.06391e-08
1.06595e-08
1.0106e-08
1.04955e-08
1.1501e-08
1.11953e-08
1.10245e-08
1.16508e-08
1.16462e-08
1.17896e-08
1.16601e-08
1.11856e-08
1.20623e-08
1.18286e-08
1.18469e-08
1.17343e-08
1.14774e-08
1.22253e-08
1.20556e-08
1.21541e-08
1.25232e-08
1.25901e-08
1.25944e-08
1.20466e-08
1.17274e-08
1.21184e-08
1.25922e-08
1.25901e-08
1.2351e-08
1.23664e-08
1.19472e-08
1.19381e-08
1.17366e-08
1.17712e-08
1.24559e-08
1.16066e-08
1.14277e-08
1.25058e-08
1.15128e-08
1.11273e-08
1.18126e-08
1.26781e-08
1.23751e-08
1.20466e-08
1.21363e-08
1.17343e-08
1.21742e-08
1.19017e-08
1.08834e-08
1.17551e-08
1.16996e-08
1.17712e-08
1.24646e-08
1.25491e-08
1.19925e-08
1.21184e-08
1.19177e-08
1.19199e-08
1.16648e-08
1.11662e-08
1.1449e-08
1.09133e-08
1.12049e-08
1.11004e-08
1.02868e-08
1.01835e-08
9.30449e-09
Residual: 
0.798742
