          0
  0.0151405
  0.0155148
  0.0425834
  0.0274393
  0.0663948
  0.0360883
  0.0867576
  0.0417739
   0.103855
  0.0448043
    0.11787
  0.0454826
   0.128986
  0.0441058
   0.137386
  0.0409636
   0.143253
  0.0363372
    0.14677
  0.0304989
   0.148121
  0.0237108
   0.147487
  0.0162244
   0.145053
 0.00827956
   0.141002
0.000104651
   0.135516
 -0.0080844
    0.12878
 -0.0160842
   0.120975
 -0.0237042
   0.112285
 -0.0307665
   0.102893
 -0.0371064
  0.0929824
 -0.0425717
  0.0827362
 -0.0470227
  0.0723374
 -0.0503318
  0.0619691
 -0.0523833
  0.0518144
 -0.0530725
  0.0420564
  -0.052305
  0.0328783
 -0.0499964
  0.0244632
 -0.0460706
  0.0169941
 -0.0404594
  0.0106542
 -0.0331011
 0.00562647
 -0.0239395
 0.00209415
 -0.0129223
0.000240285
          0
