          0
 0.00821758
  0.0293274
  0.0218812
  0.0549316
  0.0321125
  0.0769958
   0.039225
  0.0957031
  0.0435294
   0.111237
  0.0453315
   0.123779
  0.0449318
   0.133514
  0.0426237
   0.140625
  0.0386931
   0.145294
  0.0334168
   0.147705
  0.0270622
    0.14804
  0.0198864
   0.146484
  0.0121351
   0.143218
 0.00404256
   0.138427
-0.00416897
   0.132293
 -0.0122898
   0.124999
 -0.0201228
   0.116729
 -0.0274839
   0.107665
 -0.0342017
  0.0979911
 -0.0401179
  0.0878898
 -0.0450865
  0.0775444
  -0.048974
   0.067138
  -0.051659
  0.0568536
 -0.0530313
  0.0468744
 -0.0529916
  0.0373835
 -0.0514507
  0.0285639
 -0.0483285
  0.0205989
 -0.0435533
  0.0136715
 -0.0370603
 0.00796484
  -0.028791
 0.00366195
 -0.0186913
0.000945963
-0.00671076
          0
