Residual: 
4.36062
1.68783
0.751144
0.39976
0.241298
0.167082
0.126392
0.100093
0.0821216
0.0693171
0.059896
0.0527564
0.0472028
0.0427799
0.0391766
0.0361766
0.0336291
0.0314295
0.0295043
0.0278009
0.0262805
0.0249135
0.0236764
0.0225502
0.0215192
0.0205702
0.0196921
0.0188757
0.0181132
0.017398
0.0167246
0.0160884
0.0154856
0.014913
0.0143678
0.0138477
0.0133508
0.0128754
0.0124202
0.0119838
0.0115653
0.0111636
0.0107779
0.0104075
0.0100517
0.00970992
0.00938151
0.00906597
0.00876279
0.00847152
0.0081917
0.00792291
0.00766475
0.00741684
0.0071788
0.00695028
0.00673092
0.00652041
0.00631842
0.00612463
0.00593875
0.00576049
0.00558955
0.00542568
0.0052686
0.00511806
0.00497381
0.0048356
0.0047032
0.00457639
0.00445493
0.00433862
0.00422726
0.00412063
0.00401855
0.00392083
0.00382728
0.00373772
0.00365199
0.00356993
0.00349136
0.00341614
0.00334411
0.00327514
0.00320909
0.00314582
0.0030852
0.0030271
0.00297142
0.00291803
0.00286683
0.00281771
0.00277057
0.00272531
0.00268185
0.00264008
0.00259993
0.00256132
0.00252417
0.00248841
0.00245396
0.00242076
0.00238876
0.00235787
0.00232806
0.00229927
0.00227144
0.00224452
0.00221848
0.00219326
0.00216883
0.00214515
0.00212217
0.00209987
0.00207821
0.00205716
0.0020367
0.00201678
0.0019974
0.00197851
0.00196011
0.00194216
0.00192465
0.00190755
0.00189086
0.00187454
0.00185859
0.00184299
0.00182773
0.00181278
0.00179815
0.00178381
0.00176975
0.00175597
0.00174245
0.00172919
0.00171616
0.00170338
0.00169082
0.00167848
0.00166636
0.00165443
0.00164271
0.00163118
0.00161984
0.00160867
0.00159768
0.00158687
0.00157621
0.00156572
0.00155539
0.0015452
0.00153517
0.00152528
0.00151553
0.00150592
0.00149644
0.00148709
0.00147786
0.00146877
0.0014598
0.00145094
0.0014422
0.00143358
0.00142507
0.00141666
0.00140836
0.00140017
0.00139208
0.00138409
0.0013762
0.00136841
0.00136071
0.0013531
0.00134559
0.00133817
0.00133083
0.00132358
0.00131641
0.00130933
0.00130233
0.00129541
0.00128857
0.00128181
0.00127512
0.00126851
0.00126198
0.00125551
0.00124912
0.00124279
0.00123654
0.00123035
0.00122424
0.00121818
0.0012122
0.00120627
0.00120041
0.00119461
0.00118887
0.00118319
0.00117757
0.00117201
0.0011665
0.00116106
0.00115566
0.00115032
0.00114504
0.00113981
0.00113463
0.0011295
0.00112442
0.00111939
0.00111441
0.00110948
0.0011046
0.00109976
0.00109497
0.00109023
0.00108552
0.00108087
0.00107625
0.00107168
0.00106716
0.00106267
0.00105823
0.00105382
0.00104946
0.00104513
0.00104085
0.0010366
0.00103239
0.00102821
0.00102408
0.00101998
0.00101591
0.00101188
0.00100788
0.00100392
0.000999994
0.000996101
0.000992239
0.00098841
0.000984611
0.000980843
0.000977108
0.000973401
0.000969726
0.000966081
0.000962465
0.000958877
0.000955317
0.000951786
0.000948283
0.000944805
0.000941358
0.000937933
0.000934539
0.000931167
0.000927822
0.000924502
0.000921208
0.000917937
0.000914689
0.000911468
0.000908268
0.000905093
0.00090194
0.000898812
0.000895703
0.000892616
0.000889554
0.00088651
0.000883491
0.00088049
0.000877513
0.000874551
0.000871613
0.000868695
0.000865795
0.000862915
0.000860055
0.000857213
0.000854391
0.000851586
0.000848801
0.000846031
0.00084328
0.000840547
0.000837832
0.000835133
0.000832453
0.000829788
0.00082714
0.000824507
0.000821892
0.00081929
0.000816707
0.000814141
0.000811586
0.000809047
0.000806524
0.000804016
0.000801523
0.000799045
0.000796579
0.00079413
0.000791693
0.00078927
0.000786859
0.000784465
0.000782083
0.000779714
0.000777358
0.000775016
0.000772685
0.000770368
0.000768063
0.00076577
0.000763492
0.000761222
0.000758966
0.000756721
0.000754488
0.000752267
0.000750057
0.000747859
0.000745672
0.000743496
0.000741332
0.000739176
0.000737033
0.000734898
0.000732778
0.000730665
0.000728563
0.00072647
0.000724389
0.000722319
0.000720255
0.000718204
0.000716162
0.00071413
0.000712106
0.000710093
0.000708089
0.000706093
0.000704108
0.000702131
0.000700162
0.000698203
0.000696252
0.000694311
0.000692379
0.000690453
0.000688538
0.000686629
0.00068473
0.000682839
0.000680956
0.000679079
0.000677212
0.000675355
0.000673504
0.000671659
0.000669824
0.000667996
0.000666174
0.000664363
0.000662557
0.000660758
0.000658966
0.000657184
0.000655406
0.000653637
0.000651873
0.00065012
0.000648371
0.000646629
0.000644894
0.000643167
0.000641445
0.00063973
0.000638022
0.000636321
0.000634626
0.000632938
0.000631256
0.00062958
0.000627911
0.000626249
0.000624591
0.000622939
0.000621294
0.000619655
0.000618024
0.000616396
0.000614776
0.00061316
0.00061155
0.000609948
0.000608349
0.000606759
0.000605172
0.000603591
0.000602017
0.000600447
0.000598883
0.000597325
0.00059577
0.000594224
0.000592681
0.000591143
0.000589611
0.000588085
0.000586564
0.000585048
0.000583538
0.00058203
0.00058053
0.000579033
0.000577543
0.000576056
0.000574574
0.000573099
0.000571627
0.000570162
0.0005687
0.000567242
0.000565789
0.000564342
0.000562899
0.000561462
0.000560027
0.000558599
0.000557175
0.000555755
0.00055434
0.000552929
0.000551522
0.000550121
0.000548723
0.00054733
0.00054594
0.000544555
0.000543176
0.000541801
0.000540429
0.000539061
0.000537697
0.000536339
0.000534984
0.000533633
0.000532288
0.000530944
0.000529605
0.000528272
0.000526941
0.000525614
0.000524292
0.000522973
0.00052166
0.000520348
0.000519042
0.000517739
0.00051644
0.000515145
0.000513853
0.000512566
0.000511281
0.000510003
0.000508726
0.000507455
0.000506186
0.00050492
0.000503661
0.000502402
0.000501149
0.000499897
0.000498649
0.000497406
0.000496166
0.00049493
0.000493699
0.000492469
0.000491244
0.00049002
0.000488802
0.000487588
0.000486376
0.000485166
0.000483961
0.00048276
0.00048156
0.000480367
0.000479176
0.000477988
0.000476804
0.000475622
0.000474443
0.000473267
0.000472095
0.000470927
0.000469763
0.000468599
0.000467441
0.000466287
0.000465134
0.000463985
0.000462838
0.000461695
0.000460556
0.000459418
0.000458285
0.000457155
0.000456026
0.000454902
0.000453781
0.000452662
0.000451547
0.000450435
0.000449326
0.000448221
0.000447116
0.000446016
0.000444918
0.000443824
0.000442733
0.000441643
0.000440557
0.000439475
0.000438396
0.000437318
0.000436244
0.000435173
0.000434105
0.000433038
0.000431975
0.000430915
0.000429859
0.000428804
0.000427753
0.000426704
0.000425658
0.000424615
0.000423574
0.000422535
0.000421502
0.000420469
0.00041944
0.000418411
0.000417387
0.000416365
0.000415347
0.00041433
0.000413317
0.000412306
0.000411297
0.000410292
0.000409288
0.000408289
0.00040729
0.000406295
0.000405302
0.000404312
0.000403325
0.000402339
0.000401357
0.000400377
0.000399399
0.000398425
0.000397451
0.000396482
0.000395515
0.000394549
0.000393587
0.000392627
0.000391669
0.000390715
0.000389763
0.000388812
0.000387862
0.000386917
0.000385975
0.000385035
0.000384097
0.00038316
0.000382228
0.000381297
0.000380369
0.000379442
0.000378518
0.000377597
0.000376678
0.00037576
0.000374846
0.000373935
0.000373024
0.000372116
0.00037121
0.000370307
0.000369408
0.000368508
0.000367614
0.000366719
0.00036583
0.000364938
0.000364049
0.000363167
0.000362283
0.0003614
0.000360527
0.000359649
0.000358774
0.000357906
0.000357034
0.000356166
0.000355299
0.00035444
0.000353577
0.000352722
0.00035186
0.000351006
0.000350159
0.000349307
0.00034846
0.000347616
0.000346769
0.000345927
0.000345086
0.00034425
0.000343414
0.000342582
0.000341753
0.000340921
0.000340094
0.00033927
0.000338449
0.000337626
0.000336809
0.00033599
0.000335176
0.000334366
0.000333552
0.000332746
0.00033194
0.000331133
0.000330332
0.000329532
0.000328733
0.000327938
0.000327142
0.000326348
0.000325557
0.00032477
0.000323982
0.000323199
0.000322415
0.000321631
0.000320854
0.000320076
0.000319299
0.000318532
0.000317759
0.000316991
0.00031622
0.000315454
0.000314689
0.000313927
0.00031317
0.000312412
0.000311655
0.0003109
0.000310146
0.000309398
0.00030865
0.0003079
0.000307154
0.000306414
0.000305668
0.00030493
0.000304195
0.000303455
0.000302725
0.000301992
0.000301259
0.000300531
0.000299805
0.00029908
0.000298361
0.000297639
0.000296914
0.000296195
0.000295481
0.000294766
0.000294053
0.000293342
0.000292633
0.000291927
0.00029122
0.000290517
Residual: 
0.000813705
0.000806099
0.000798524
0.000790998
0.000783529
0.00077612
0.000768773
0.000761488
0.000754267
0.00074711
0.000740016
0.000732986
0.00072602
0.000719116
0.000712276
0.000705498
0.000698783
0.000692129
0.000685537
0.000679006
0.000672535
0.000666125
0.000659774
0.000653482
0.000647249
0.000641074
0.000634957
0.000628897
0.000622894
0.000616947
0.000611056
0.00060522
0.000599439
0.000593713
0.00058804
0.000582421
0.000576854
0.00057134
0.000565879
0.000560468
0.000555109
0.0005498
0.000544542
0.000539333
0.000534173
0.000529063
0.000524
0.000518986
0.000514018
0.000509099
0.000504225
0.000499398
0.000494617
0.000489881
0.00048519
0.000480543
0.000475941
0.000471382
0.000466867
0.000462394
0.000457964
0.000453577
0.000449231
0.000444925
0.000440662
0.000436438
0.000432255
0.000428112
0.000424008
0.000419944
0.000415918
0.00041193
0.00040798
0.000404068
0.000400194
0.000396356
0.000392555
0.00038879
0.000385061
0.000381368
0.00037771
0.000374087
0.000370498
0.000366944
0.000363424
0.000359937
0.000356484
0.000353063
0.000349676
0.00034632
0.000342997
0.000339706
0.000336446
0.000333217
0.00033002
0.000326852
0.000323715
0.000320608
0.000317531
0.000314483
0.000311465
0.000308475
0.000305514
0.000302581
0.000299677
0.0002968
0.000293951
0.000291128
0.000288334
0.000285565
0.000282824
0.000280108
0.000277419
0.000274755
0.000272117
0.000269505
0.000266917
0.000264354
0.000261816
0.000259302
0.000256812
0.000254346
0.000251903
0.000249484
0.000247089
0.000244716
0.000242365
0.000240038
0.000237733
0.00023545
0.000233189
0.000230949
0.000228731
0.000226535
0.000224359
0.000222204
0.00022007
0.000217956
0.000215863
0.00021379
0.000211736
0.000209703
0.000207689
0.000205694
0.000203718
0.000201761
0.000199824
0.000197904
0.000196004
0.00019412
0.000192256
0.00019041
0.00018858
0.000186769
0.000184975
0.000183199
0.000181438
0.000179696
0.000177969
0.00017626
0.000174567
0.00017289
0.000171229
0.000169584
0.000167955
0.000166342
0.000164744
0.000163161
0.000161594
0.000160041
0.000158505
0.000156982
0.000155473
0.00015398
0.000152501
0.000151036
0.000149585
0.000148148
0.000146725
0.000145316
0.00014392
0.000142537
0.000141168
0.000139811
0.000138469
0.000137138
0.000135821
0.000134516
0.000133224
0.000131944
0.000130677
0.000129421
0.000128178
0.000126946
0.000125727
0.000124519
0.000123323
0.000122138
0.000120965
0.000119802
0.000118651
0.000117511
0.000116383
0.000115264
0.000114157
0.000113061
0.000111974
0.000110898
0.000109834
0.000108778
0.000107734
0.000106698
0.000105673
0.000104658
0.000103653
0.000102657
0.00010167
0.000100693
9.97262e-05
9.87685e-05
9.78197e-05
9.68798e-05
9.5949e-05
9.50271e-05
9.41142e-05
9.32101e-05
9.23144e-05
9.14274e-05
9.05492e-05
8.96795e-05
8.88178e-05
8.7965e-05
8.71195e-05
8.62827e-05
8.54536e-05
8.46329e-05
8.38191e-05
8.30141e-05
8.22165e-05
8.14268e-05
8.06442e-05
7.98698e-05
7.91023e-05
7.83422e-05
7.75898e-05
7.68445e-05
7.61063e-05
7.5375e-05
7.46504e-05
7.39342e-05
7.32235e-05
7.25199e-05
7.18233e-05
7.11327e-05
7.04494e-05
6.97723e-05
6.91025e-05
6.84383e-05
6.77814e-05
6.71299e-05
6.64852e-05
6.58464e-05
6.52136e-05
6.45866e-05
6.39668e-05
6.3352e-05
6.27437e-05
6.21409e-05
6.15434e-05
6.09521e-05
6.03669e-05
5.9787e-05
5.92127e-05
5.86435e-05
5.80804e-05
5.75217e-05
5.69694e-05
5.64227e-05
5.58797e-05
5.53439e-05
5.48108e-05
5.42852e-05
5.37631e-05
5.32465e-05
5.27355e-05
5.22289e-05
5.17271e-05
5.12299e-05
5.07378e-05
5.02505e-05
4.97673e-05
4.92904e-05
4.88158e-05
4.8347e-05
4.78823e-05
4.74226e-05
4.69668e-05
4.65157e-05
4.60684e-05
4.56265e-05
4.51875e-05
4.47536e-05
4.43237e-05
4.38974e-05
4.34759e-05
4.30581e-05
4.26445e-05
4.22355e-05
4.18288e-05
4.14278e-05
4.10295e-05
4.06353e-05
4.02451e-05
3.98583e-05
3.9475e-05
3.90961e-05
3.87199e-05
3.83481e-05
3.79801e-05
3.76149e-05
3.72535e-05
3.68954e-05
3.65412e-05
3.61901e-05
3.58421e-05
3.54985e-05
3.51575e-05
3.48194e-05
3.44856e-05
3.41533e-05
3.38259e-05
3.35007e-05
3.31783e-05
3.28596e-05
3.25442e-05
3.22322e-05
3.19217e-05
3.16154e-05
3.13117e-05
3.10108e-05
3.07124e-05
3.04176e-05
3.01252e-05
2.98363e-05
2.9549e-05
2.92657e-05
2.89841e-05
2.87057e-05
2.84299e-05
2.81572e-05
2.78862e-05
2.76186e-05
2.73528e-05
2.70904e-05
2.68298e-05
2.65725e-05
2.63173e-05
2.60637e-05
2.58137e-05
2.55657e-05
2.53202e-05
2.50763e-05
2.48366e-05
2.45972e-05
2.43608e-05
2.41272e-05
2.3895e-05
2.36653e-05
2.3438e-05
2.3213e-05
2.29902e-05
2.27687e-05
2.255e-05
2.2334e-05
2.21193e-05
2.19065e-05
2.16959e-05
2.14882e-05
2.12816e-05
2.10769e-05
2.08745e-05
2.06735e-05
2.04744e-05
2.02788e-05
2.00837e-05
1.98906e-05
1.96996e-05
1.95104e-05
1.9323e-05
1.91369e-05
1.89536e-05
1.8771e-05
1.85908e-05
1.84127e-05
1.82353e-05
1.80608e-05
1.78868e-05
1.77144e-05
1.75446e-05
1.73759e-05
1.72091e-05
1.7044e-05
1.68796e-05
1.67178e-05
1.65573e-05
1.63986e-05
1.62406e-05
1.60852e-05
1.59301e-05
1.57771e-05
1.56251e-05
1.54752e-05
1.53269e-05
1.51794e-05
1.50337e-05
1.4889e-05
1.47462e-05
1.46043e-05
1.44639e-05
1.43254e-05
1.41878e-05
1.4051e-05
1.39163e-05
1.37828e-05
1.36507e-05
1.35192e-05
1.33894e-05
1.32608e-05
1.31332e-05
1.30071e-05
1.28822e-05
1.27588e-05
1.2636e-05
1.25143e-05
1.23939e-05
1.22752e-05
1.21567e-05
1.20405e-05
1.19249e-05
1.18097e-05
1.16965e-05
1.15844e-05
1.14733e-05
1.1363e-05
1.12532e-05
1.11455e-05
1.10387e-05
1.09322e-05
1.08274e-05
1.07231e-05
1.06202e-05
1.05181e-05
1.04168e-05
1.0317e-05
1.02177e-05
1.01197e-05
1.00224e-05
9.92616e-06
9.83144e-06
9.73647e-06
9.64321e-06
9.54985e-06
9.45828e-06
9.3676e-06
9.27737e-06
9.18882e-06
9.10034e-06
9.01254e-06
8.92626e-06
8.84023e-06
8.75602e-06
8.67142e-06
8.58822e-06
8.506e-06
8.42382e-06
8.3425e-06
8.2627e-06
8.18377e-06
8.10475e-06
8.0271e-06
7.94945e-06
7.8736e-06
7.79763e-06
7.72228e-06
7.64909e-06
7.57501e-06
7.50245e-06
7.4308e-06
7.35879e-06
7.28829e-06
7.21802e-06
7.14863e-06
7.08015e-06
7.01238e-06
6.94465e-06
6.87826e-06
6.81213e-06
6.74667e-06
6.6815e-06
6.61754e-06
6.55422e-06
6.49118e-06
6.42889e-06
6.36697e-06
6.30548e-06
6.24532e-06
6.18472e-06
6.12589e-06
6.06661e-06
6.00877e-06
5.95104e-06
5.8938e-06
5.83624e-06
5.78122e-06
5.72577e-06
5.67037e-06
5.61581e-06
5.5623e-06
5.5083e-06
5.45539e-06
5.40347e-06
5.35128e-06
5.29949e-06
5.2488e-06
5.19805e-06
5.1484e-06
5.09866e-06
5.04947e-06
5.00199e-06
4.95368e-06
4.90614e-06
4.85914e-06
4.81233e-06
4.76589e-06
4.71969e-06
4.67496e-06
4.6295e-06
4.58549e-06
4.54135e-06
4.49783e-06
4.45432e-06
4.41169e-06
4.36931e-06
4.32726e-06
4.28569e-06
4.2447e-06
4.20418e-06
4.16388e-06
4.12336e-06
4.08372e-06
4.04479e-06
4.00585e-06
3.96747e-06
3.9295e-06
3.89133e-06
3.85398e-06
3.81675e-06
3.78038e-06
3.74433e-06
3.70758e-06
3.67229e-06
3.63733e-06
3.60167e-06
3.56799e-06
3.53344e-06
3.4996e-06
3.46555e-06
3.43261e-06
3.39917e-06
3.36702e-06
3.33394e-06
3.30242e-06
3.27055e-06
3.23961e-06
3.20831e-06
3.17769e-06
3.14702e-06
3.11645e-06
3.08689e-06
3.05653e-06
3.02761e-06
2.99829e-06
2.96983e-06
2.94129e-06
2.91297e-06
2.88487e-06
2.85729e-06
2.82965e-06
2.803e-06
2.77567e-06
2.74887e-06
2.72213e-06
2.6963e-06
2.67001e-06
2.64505e-06
2.61942e-06
2.59477e-06
2.56881e-06
2.54449e-06
2.52016e-06
2.496e-06
2.47225e-06
2.44805e-06
2.42499e-06
2.40141e-06
2.37864e-06
2.35554e-06
2.33242e-06
2.31032e-06
2.28837e-06
2.26592e-06
2.24411e-06
2.22344e-06
2.20152e-06
2.18038e-06
2.15989e-06
2.13878e-06
2.11777e-06
2.09768e-06
2.07784e-06
2.057e-06
2.03799e-06
2.0176e-06
1.99945e-06
1.97956e-06
1.96107e-06
1.94178e-06
1.92284e-06
1.90478e-06
1.88624e-06
1.86822e-06
1.85092e-06
1.8329e-06
1.81529e-06
1.79746e-06
1.78057e-06
1.76298e-06
1.74626e-06
1.72934e-06
1.71296e-06
1.69668e-06
1.67969e-06
1.66406e-06
1.64791e-06
1.63185e-06
1.61649e-06
1.60104e-06
1.58542e-06
1.56981e-06
1.5549e-06
1.54034e-06
1.52563e-06
1.51066e-06
1.49657e-06
1.48227e-06
1.46797e-06
1.45372e-06
1.43988e-06
1.42594e-06
1.41187e-06
1.39861e-06
1.38518e-06
1.37214e-06
1.3584e-06
1.34595e-06
1.33298e-06
1.31983e-06
1.30719e-06
1.29475e-06
1.28273e-06
1.26946e-06
1.25785e-06
1.24557e-06
1.23377e-06
1.22203e-06
1.20985e-06
1.19863e-06
1.1872e-06
1.17559e-06
1.16455e-06
1.15345e-06
1.1423e-06
1.13072e-06
1.12007e-06
1.10894e-06
1.09851e-06
1.08814e-06
1.0773e-06
1.06764e-06
1.05746e-06
1.04703e-06
1.03706e-06
1.02689e-06
1.01644e-06
1.00713e-06
9.97817e-07
9.87934e-07
9.78674e-07
9.69363e-07
9.59767e-07
Residual: 
2.61609e-06
2.52327e-06
2.43261e-06
2.34452e-06
2.25916e-06
2.17654e-06
2.09665e-06
2.01944e-06
1.94486e-06
1.87286e-06
1.80335e-06
1.73628e-06
1.67157e-06
1.60916e-06
1.54898e-06
1.49095e-06
1.43501e-06
1.38109e-06
1.32914e-06
1.27907e-06
1.23085e-06
1.18439e-06
1.13965e-06
1.09657e-06
1.05508e-06
1.01514e-06
9.76683e-07
9.39667e-07
9.04038e-07
8.69744e-07
8.3674e-07
8.04977e-07
7.74412e-07
7.44999e-07
7.16697e-07
6.89464e-07
6.63261e-07
6.38051e-07
6.13795e-07
5.90457e-07
5.68005e-07
5.46404e-07
5.25622e-07
5.05629e-07
4.86396e-07
4.67893e-07
4.50092e-07
4.32969e-07
4.16496e-07
4.00649e-07
3.85404e-07
3.70739e-07
3.56632e-07
3.43061e-07
3.30006e-07
3.17448e-07
3.05368e-07
2.93747e-07
2.82568e-07
2.71814e-07
2.6147e-07
2.51519e-07
2.41946e-07
2.32739e-07
2.23881e-07
2.1536e-07
2.07164e-07
1.9928e-07
1.91695e-07
1.844e-07
1.77382e-07
1.70631e-07
1.64136e-07
1.5789e-07
1.5188e-07
1.46099e-07
1.40539e-07
1.3519e-07
1.30045e-07
1.25096e-07
1.20334e-07
1.15754e-07
1.11349e-07
1.07111e-07
1.03034e-07
9.91123e-08
9.53406e-08
9.17115e-08
8.82211e-08
8.48632e-08
8.16334e-08
7.85268e-08
7.55372e-08
7.2663e-08
6.9897e-08
6.7237e-08
6.46778e-08
6.22162e-08
5.98485e-08
5.75703e-08
5.53798e-08
5.32716e-08
5.12442e-08
4.92934e-08
4.74179e-08
4.56127e-08
4.38771e-08
4.2207e-08
4.06004e-08
3.90549e-08
3.7568e-08
3.61387e-08
3.47632e-08
3.34407e-08
3.21671e-08
3.0943e-08
2.97657e-08
2.86325e-08
2.7543e-08
2.64947e-08
2.54866e-08
2.45165e-08
2.35834e-08
2.26852e-08
2.18228e-08
2.09915e-08
2.01922e-08
1.94239e-08
1.86844e-08
1.79734e-08
1.72894e-08
1.66316e-08
1.59985e-08
1.53898e-08
1.48041e-08
1.42409e-08
1.36983e-08
1.31776e-08
1.26752e-08
1.21932e-08
1.17293e-08
1.12828e-08
1.08539e-08
1.04404e-08
1.00428e-08
9.66051e-09
Residual: 
2.40113e-08
2.09739e-08
1.82138e-08
1.57529e-08
1.35805e-08
1.16761e-08
1.00157e-08
8.57514e-09
Residual: 
1.59547e-08
9.44733e-09
Residual: 
3.41936e-09
Residual: 
2.87477e-09
Residual: 
3.22696e-09
Residual: 
3.19899e-07
1.064e-07
3.56596e-08
1.2421e-08
5.44047e-09
Residual: 
9.68124e-05
3.22727e-05
1.07503e-05
3.58614e-06
1.21266e-06
4.42377e-07
2.37605e-07
1.95869e-07
1.93381e-07
1.85825e-07
1.84895e-07
1.81882e-07
1.83445e-07
1.84246e-07
1.79855e-07
1.79536e-07
1.7887e-07
1.78596e-07
1.76873e-07
1.77411e-07
1.73942e-07
1.72142e-07
1.73839e-07
1.74497e-07
1.74616e-07
1.70635e-07
1.73309e-07
1.73544e-07
1.71496e-07
1.71438e-07
1.69917e-07
1.7197e-07
1.72004e-07
1.68887e-07
1.6867e-07
1.68389e-07
1.70832e-07
1.67911e-07
1.67684e-07
1.65931e-07
1.66885e-07
1.65748e-07
1.62448e-07
1.63252e-07
1.61283e-07
1.61184e-07
1.61968e-07
1.61315e-07
1.60043e-07
1.63356e-07
1.61141e-07
1.60052e-07
1.59679e-07
1.58915e-07
1.59182e-07
1.58059e-07
1.57848e-07
1.59408e-07
1.56352e-07
1.5814e-07
1.57738e-07
1.5624e-07
1.57563e-07
1.57181e-07
1.54168e-07
1.54361e-07
1.5548e-07
1.55138e-07
1.55662e-07
1.53462e-07
1.51094e-07
1.55615e-07
1.51445e-07
1.54407e-07
1.52921e-07
1.50491e-07
1.52895e-07
1.49316e-07
1.48202e-07
1.48551e-07
1.50727e-07
1.47461e-07
1.49401e-07
1.50942e-07
1.49253e-07
1.46256e-07
1.49488e-07
1.48198e-07
1.45779e-07
1.46526e-07
1.47166e-07
1.45551e-07
1.46259e-07
1.4499e-07
1.42155e-07
1.45716e-07
1.41842e-07
1.45716e-07
1.43379e-07
1.39587e-07
1.45798e-07
1.43453e-07
1.41923e-07
1.41297e-07
1.42216e-07
1.35521e-07
1.42088e-07
1.39497e-07
1.40546e-07
1.39289e-07
1.41724e-07
1.37705e-07
1.39531e-07
1.3974e-07
1.35955e-07
1.38e-07
1.35157e-07
1.37763e-07
1.39978e-07
1.34908e-07
1.38615e-07
1.34454e-07
1.38718e-07
1.34955e-07
1.36386e-07
1.3317e-07
1.32111e-07
1.33602e-07
1.32573e-07
1.3407e-07
1.30887e-07
1.31868e-07
1.30863e-07
1.33442e-07
1.30143e-07
1.29514e-07
1.27412e-07
1.30953e-07
1.29071e-07
1.30328e-07
1.29357e-07
1.27398e-07
1.29388e-07
1.27418e-07
1.32052e-07
1.26637e-07
1.28225e-07
1.25526e-07
1.28084e-07
1.24658e-07
1.31429e-07
1.26502e-07
1.26995e-07
1.24728e-07
1.24923e-07
1.26415e-07
1.2596e-07
1.22727e-07
1.22769e-07
1.21718e-07
1.20156e-07
1.24913e-07
1.22064e-07
1.20933e-07
1.20476e-07
1.22461e-07
1.21844e-07
1.20545e-07
1.21419e-07
1.20332e-07
1.19928e-07
1.23477e-07
1.19219e-07
1.18285e-07
1.18491e-07
1.1692e-07
1.18024e-07
1.17461e-07
1.15867e-07
1.19175e-07
1.18881e-07
1.18247e-07
1.16627e-07
1.16523e-07
1.16667e-07
1.15269e-07
1.15589e-07
1.15065e-07
1.15391e-07
1.15359e-07
1.1454e-07
1.15611e-07
1.15813e-07
1.1071e-07
1.13735e-07
1.12962e-07
1.11987e-07
1.1567e-07
1.12257e-07
1.13249e-07
1.11599e-07
1.11621e-07
1.14438e-07
1.11403e-07
1.11706e-07
1.11056e-07
1.1095e-07
1.10771e-07
1.09961e-07
1.11873e-07
1.0939e-07
1.08869e-07
1.08675e-07
1.06188e-07
1.06515e-07
1.06816e-07
1.07499e-07
1.09885e-07
1.05984e-07
1.06204e-07
1.069e-07
1.05199e-07
1.04861e-07
1.06421e-07
1.03738e-07
1.04683e-07
1.06734e-07
1.04496e-07
1.05849e-07
1.04641e-07
1.05187e-07
1.03721e-07
1.035e-07
1.00117e-07
1.055e-07
1.03298e-07
1.03701e-07
1.0471e-07
1.02484e-07
1.00112e-07
1.07049e-07
1.04733e-07
1.02784e-07
9.97434e-08
1.01022e-07
1.00849e-07
9.48902e-08
9.85756e-08
9.95816e-08
9.87875e-08
9.89742e-08
9.79478e-08
9.91764e-08
9.78683e-08
9.52699e-08
9.73564e-08
9.75771e-08
9.76064e-08
9.62956e-08
9.73439e-08
9.72611e-08
9.79924e-08
9.7002e-08
9.24579e-08
9.35417e-08
9.69897e-08
9.57709e-08
9.74295e-08
9.64845e-08
9.59881e-08
9.30685e-08
9.43396e-08
9.68848e-08
9.39997e-08
9.00501e-08
9.16828e-08
9.18138e-08
9.09799e-08
9.30898e-08
9.15549e-08
9.05918e-08
9.03293e-08
8.9692e-08
8.84665e-08
9.04768e-08
9.03677e-08
8.85828e-08
8.91307e-08
9.00925e-08
8.9732e-08
8.98805e-08
9.0214e-08
8.87864e-08
8.91694e-08
8.81696e-08
8.7881e-08
8.72836e-08
8.8517e-08
8.84943e-08
8.74167e-08
8.77945e-08
8.78828e-08
8.81095e-08
8.79093e-08
8.80257e-08
8.75485e-08
8.71036e-08
8.67251e-08
8.83739e-08
8.73202e-08
8.65442e-08
8.82615e-08
8.61319e-08
8.62529e-08
8.5224e-08
8.7575e-08
8.49085e-08
8.56747e-08
8.57382e-08
8.44767e-08
8.25941e-08
8.49248e-08
8.649e-08
8.4582e-08
8.42473e-08
8.4865e-08
8.32591e-08
8.55702e-08
8.4064e-08
8.54797e-08
8.35183e-08
8.52779e-08
8.37162e-08
8.19563e-08
8.34635e-08
8.42626e-08
8.45577e-08
8.35969e-08
8.23312e-08
8.21436e-08
8.4176e-08
8.51689e-08
8.36555e-08
8.43561e-08
8.42473e-08
8.21225e-08
8.33632e-08
8.39585e-08
8.39246e-08
8.20408e-08
8.42495e-08
8.21834e-08
7.83441e-08
8.05534e-08
8.16754e-08
8.02637e-08
8.05421e-08
7.91918e-08
8.18093e-08
8.05564e-08
8.02896e-08
8.01166e-08
8.04949e-08
7.91757e-08
7.7584e-08
7.90419e-08
7.75245e-08
8.02249e-08
7.94896e-08
7.67833e-08
7.91651e-08
7.92338e-08
7.62165e-08
7.84259e-08
7.91858e-08
7.88766e-08
7.7424e-08
7.8729e-08
7.7052e-08
7.80761e-08
7.7568e-08
7.86081e-08
7.73956e-08
7.5918e-08
7.48894e-08
7.73889e-08
7.82542e-08
7.73676e-08
7.40674e-08
7.76081e-08
7.77912e-08
7.60491e-08
7.72833e-08
7.48759e-08
7.61359e-08
7.69778e-08
7.46399e-08
7.49289e-08
7.23264e-08
7.66844e-08
7.58904e-08
7.46094e-08
7.30856e-08
7.45168e-08
7.61471e-08
7.31006e-08
7.44993e-08
7.22244e-08
7.49222e-08
7.34926e-08
7.29335e-08
7.28456e-08
7.49405e-08
7.26652e-08
7.40677e-08
7.3384e-08
7.45125e-08
7.32063e-08
7.52513e-08
7.18989e-08
7.31245e-08
7.14616e-08
7.20133e-08
7.10966e-08
7.25007e-08
7.46318e-08
7.25773e-08
7.18019e-08
7.04285e-08
7.32968e-08
6.96422e-08
6.8818e-08
7.00321e-08
6.78597e-08
6.94415e-08
6.96996e-08
7.1244e-08
6.86198e-08
6.67765e-08
6.96468e-08
7.06885e-08
7.11893e-08
6.84741e-08
7.02946e-08
7.00578e-08
6.86075e-08
6.97483e-08
6.62805e-08
6.79787e-08
7.0828e-08
6.9017e-08
6.63841e-08
6.96423e-08
6.82269e-08
6.87651e-08
6.86325e-08
6.66969e-08
6.7228e-08
6.90483e-08
6.7073e-08
6.71053e-08
6.65081e-08
6.44752e-08
6.49443e-08
6.79531e-08
6.4192e-08
6.61944e-08
6.54366e-08
6.58989e-08
6.42798e-08
6.74856e-08
6.57539e-08
6.48975e-08
6.45491e-08
6.5958e-08
6.44415e-08
6.69241e-08
6.59318e-08
6.27296e-08
6.44752e-08
6.58528e-08
6.52687e-08
6.63721e-08
6.70982e-08
6.57316e-08
6.64182e-08
6.45535e-08
6.66069e-08
6.44611e-08
6.47431e-08
6.4535e-08
6.33819e-08
6.45489e-08
6.27559e-08
6.23892e-08
6.18929e-08
6.33348e-08
6.26473e-08
6.47404e-08
6.28548e-08
6.06473e-08
6.09548e-08
6.08691e-08
6.35733e-08
6.24539e-08
6.14762e-08
6.20543e-08
6.21607e-08
5.99836e-08
6.23075e-08
6.36529e-08
6.26411e-08
6.23332e-08
6.26519e-08
6.26317e-08
6.23331e-08
6.08776e-08
6.22335e-08
6.09564e-08
6.09307e-08
6.24722e-08
6.09497e-08
6.16123e-08
6.10746e-08
5.98558e-08
5.94413e-08
6.06206e-08
6.08523e-08
5.99572e-08
5.9465e-08
5.98266e-08
5.90393e-08
6.03606e-08
6.00014e-08
5.95948e-08
5.76862e-08
5.93652e-08
6.01826e-08
5.89799e-08
5.94413e-08
6.08562e-08
5.91127e-08
5.74374e-08
5.75423e-08
5.70594e-08
5.80159e-08
6.05052e-08
5.82598e-08
5.89947e-08
5.70531e-08
5.82548e-08
5.83298e-08
5.80375e-08
5.80912e-08
5.7656e-08
5.50798e-08
5.72036e-08
5.58759e-08
5.65694e-08
5.64788e-08
5.45405e-08
5.64485e-08
5.70062e-08
5.55412e-08
5.41661e-08
5.65463e-08
5.59928e-08
5.47777e-08
5.72868e-08
5.62113e-08
5.71572e-08
5.6609e-08
5.66458e-08
5.48425e-08
5.66494e-08
5.41653e-08
5.36269e-08
5.45236e-08
5.38799e-08
5.59075e-08
5.36767e-08
5.58635e-08
5.39459e-08
5.41268e-08
5.3962e-08
5.35809e-08
5.20743e-08
5.51053e-08
5.36038e-08
5.44163e-08
5.54001e-08
5.506e-08
5.25613e-08
5.36279e-08
5.20363e-08
5.46389e-08
5.67418e-08
5.6642e-08
5.43843e-08
5.46526e-08
5.16438e-08
5.40442e-08
5.52039e-08
5.40317e-08
5.3954e-08
5.19935e-08
5.39459e-08
5.40235e-08
5.36494e-08
5.40761e-08
5.39913e-08
5.05406e-08
5.16348e-08
5.36052e-08
5.40094e-08
5.34494e-08
5.3429e-08
5.08949e-08
5.13229e-08
5.02086e-08
5.28013e-08
5.29203e-08
5.13023e-08
5.29981e-08
5.30512e-08
5.21075e-08
5.15378e-08
5.10601e-08
5.14711e-08
5.07662e-08
5.11195e-08
5.25137e-08
5.09283e-08
5.25585e-08
4.95828e-08
5.07662e-08
5.03674e-08
4.98271e-08
4.98003e-08
5.0505e-08
5.25385e-08
5.03717e-08
5.10387e-08
4.98829e-08
4.99401e-08
4.98264e-08
5.283e-08
5.08352e-08
5.06208e-08
4.82341e-08
5.0264e-08
5.02086e-08
4.93717e-08
4.93937e-08
5.20409e-08
4.9231e-08
4.99007e-08
4.93978e-08
4.827e-08
4.9255e-08
4.73957e-08
4.91866e-08
4.79817e-08
4.86638e-08
4.62373e-08
4.96433e-08
4.90954e-08
4.85119e-08
4.96431e-08
4.97914e-08
4.73957e-08
4.69247e-08
4.97788e-08
4.65122e-08
5.00347e-08
4.98572e-08
4.77674e-08
4.76784e-08
4.94146e-08
4.95119e-08
4.71019e-08
4.91315e-08
4.98002e-08
4.63636e-08
4.68197e-08
4.67693e-08
4.84135e-08
4.69123e-08
4.63127e-08
4.62545e-08
4.64715e-08
4.66147e-08
4.95468e-08
4.61908e-08
4.69802e-08
4.94723e-08
4.84077e-08
4.75418e-08
4.63441e-08
4.33726e-08
