          0
  0.0151404
  0.0293271
  0.0425831
  0.0549312
  0.0663942
  0.0769951
  0.0867568
  0.0957022
   0.103854
   0.111235
   0.117869
   0.123778
   0.128985
   0.133513
   0.137385
   0.140623
   0.143252
   0.145292
   0.146769
   0.147703
   0.148119
   0.148039
   0.147485
   0.146482
   0.145052
   0.143217
      0.141
   0.138425
   0.135515
   0.132291
   0.128778
   0.124998
   0.120973
   0.116727
   0.112283
   0.107664
   0.102892
  0.0979897
   0.092981
  0.0878885
  0.0827349
  0.0775431
  0.0723361
  0.0671367
  0.0619679
  0.0568524
  0.0518133
  0.0468734
  0.0420555
  0.0373826
  0.0328775
  0.0285632
  0.0244625
  0.0205983
  0.0169935
   0.013671
  0.0106537
 0.00796442
 0.00562612
 0.00366166
 0.00209393
0.000945822
0.000240214
          0
