           0
   0.0140485
   0.0271487
   0.0393262
   0.0506065
   0.0610152
   0.0705775
   0.0793191
   0.0872652
    0.094441
    0.100872
    0.106583
    0.111599
    0.115946
    0.119647
    0.122729
    0.125215
    0.127131
      0.1285
    0.129347
    0.129697
    0.129573
       0.129
    0.128001
      0.1266
    0.124822
    0.122689
    0.120225
    0.117454
    0.114397
     0.11108
    0.107524
    0.103752
   0.0997866
   0.0956511
   0.0913675
   0.0869582
   0.0824454
   0.0778511
   0.0731974
   0.0685062
   0.0637991
    0.059098
   0.0544243
   0.0497995
    0.045245
   0.0407822
   0.0364322
   0.0322162
   0.0281552
   0.0242703
   0.0205824
   0.0171123
   0.0138809
   0.0109089
  0.00821711
  0.00582612
   0.0037566
  0.00202917
 0.000664408
-0.000317119
-0.000894861
 -0.00104828
-0.000756835
           0
