          0
  0.0151378
  0.0293274
  0.0425781
  0.0549316
  0.0663868
  0.0769958
  0.0867472
  0.0957031
   0.103842
   0.111237
   0.117855
   0.123779
   0.128969
   0.133514
   0.137367
   0.140625
   0.143233
   0.145294
   0.146748
   0.147705
   0.148098
   0.148041
   0.147463
   0.146484
   0.145029
   0.143219
   0.140977
   0.138428
   0.135491
   0.132294
   0.128755
      0.125
    0.12095
    0.11673
   0.112261
   0.107666
    0.10287
  0.0979919
    0.09296
  0.0878906
  0.0827149
  0.0775452
  0.0723174
  0.0671387
  0.0619506
  0.0568542
  0.0517976
   0.046875
  0.0420415
   0.037384
  0.0328653
  0.0285644
  0.0244522
  0.0205994
  0.0169852
  0.0136719
  0.0106474
 0.00796508
 0.00562198
 0.00366211
 0.00209191
0.000946044
0.000240325
          0
