Residual: 
5.78755
4.37421
3.94025
3.69025
3.51448
3.37696
3.26311
3.16577
3.08086
3.00571
2.93847
2.87776
2.82252
2.77192
2.72532
2.68218
2.64206
2.60462
2.56956
2.53664
2.50564
2.4764
2.44875
2.42258
2.39775
2.37419
2.35178
2.33047
2.31016
2.29081
2.27235
2.25472
2.23788
2.22178
2.20639
2.19165
2.17754
2.16401
2.15105
2.13861
2.12668
2.11521
2.1042
2.09361
2.08343
2.07362
2.06418
2.05509
2.04632
2.03786
2.02969
2.02181
2.01419
2.00682
1.99969
1.99279
1.9861
1.97962
1.97333
1.96723
1.96131
1.95555
1.94996
1.94451
1.93921
1.93405
1.92902
1.92411
1.91932
1.91464
1.91007
1.90561
1.90124
1.89696
1.89277
1.88867
1.88465
1.8807
1.87683
1.87303
1.8693
1.86563
1.86202
1.85847
1.85497
1.85153
1.84814
1.8448
1.84151
1.83826
1.83505
1.83189
1.82876
1.82567
1.82262
1.81961
1.81662
1.81367
1.81075
1.80786
1.805
1.80216
1.79935
1.79657
1.79381
1.79108
1.78837
1.78567
1.78301
1.78036
1.77773
1.77512
1.77252
1.76995
1.76739
1.76485
1.76233
1.75982
1.75732
1.75484
1.75238
1.74992
1.74748
1.74506
1.74265
1.74024
1.73785
1.73548
1.73311
1.73075
1.72841
1.72607
1.72375
1.72143
1.71912
1.71683
1.71454
1.71226
1.70999
1.70773
1.70547
1.70323
1.70099
1.69876
1.69653
1.69432
1.69211
1.68991
1.68771
1.68553
1.68334
1.68117
1.679
1.67684
1.67468
1.67253
1.67039
1.66825
1.66612
1.66399
1.66187
1.65975
1.65764
1.65554
1.65344
1.65134
1.64925
1.64717
1.64509
1.64301
1.64094
1.63888
1.63681
1.63476
1.6327
1.63066
1.62861
1.62657
1.62454
1.62251
1.62048
1.61846
1.61644
1.61442
1.61241
1.61041
1.60841
1.60641
1.60441
1.60242
1.60043
1.59845
1.59647
1.59449
1.59252
1.59055
1.58858
1.58662
1.58466
1.58271
1.58075
1.5788
1.57686
1.57492
1.57298
1.57104
1.56911
1.56718
1.56525
1.56333
1.56141
1.55949
1.55758
1.55567
1.55376
1.55186
1.54996
1.54806
1.54616
1.54427
1.54238
1.54049
1.53861
1.53673
1.53485
1.53298
1.5311
1.52923
1.52737
1.5255
1.52364
1.52178
1.51993
1.51807
1.51622
1.51438
1.51253
1.51069
1.50885
1.50701
1.50518
1.50335
1.50152
1.49969
1.49787
1.49604
1.49422
1.49241
1.49059
1.48878
1.48697
1.48517
1.48336
1.48156
1.47976
1.47797
1.47617
1.47438
1.47259
1.47081
1.46902
1.46724
1.46546
1.46368
1.46191
1.46014
1.45837
1.4566
1.45483
1.45307
1.45131
1.44955
1.4478
1.44604
1.44429
1.44254
1.4408
1.43905
1.43731
1.43557
1.43383
1.4321
1.43036
1.42863
1.4269
1.42518
1.42345
1.42173
1.42001
1.4183
1.41658
1.41487
1.41316
1.41145
1.40974
1.40804
1.40634
1.40464
1.40294
1.40124
1.39955
1.39786
1.39617
1.39448
1.3928
1.39111
1.38943
1.38776
1.38608
1.38441
1.38273
1.38106
1.3794
1.37773
1.37607
1.3744
1.37274
1.37109
1.36943
1.36778
1.36613
1.36448
1.36283
1.36119
1.35954
1.3579
1.35626
1.35463
1.35299
1.35136
1.34973
1.3481
1.34647
1.34485
1.34323
1.3416
1.33999
1.33837
1.33675
1.33514
1.33353
1.33192
1.33032
1.32871
1.32711
1.32551
1.32391
1.32231
1.32072
1.31912
1.31753
1.31594
1.31436
1.31277
1.31119
1.30961
1.30803
1.30645
1.30488
1.3033
1.30173
1.30016
1.29859
1.29703
1.29546
1.2939
1.29234
1.29078
1.28923
1.28767
1.28612
1.28457
1.28302
1.28148
1.27993
1.27839
1.27685
1.27531
1.27377
1.27223
1.2707
1.26917
1.26764
1.26611
1.26459
1.26306
1.26154
1.26002
1.2585
1.25698
1.25547
1.25395
1.25244
1.25093
1.24943
1.24792
1.24642
1.24491
1.24341
1.24192
1.24042
1.23892
1.23743
1.23594
1.23445
1.23296
1.23148
1.22999
1.22851
1.22703
1.22555
1.22407
1.2226
1.22113
1.21965
1.21818
1.21672
1.21525
1.21379
1.21232
1.21086
1.2094
1.20795
1.20649
1.20504
1.20359
1.20214
1.20069
1.19924
1.1978
1.19635
1.19491
1.19347
1.19203
1.1906
1.18916
1.18773
1.1863
1.18487
1.18344
1.18202
1.18059
1.17917
1.17775
1.17633
1.17491
1.1735
1.17208
1.17067
1.16926
1.16785
1.16644
1.16504
1.16364
1.16223
1.16083
1.15943
1.15804
1.15664
1.15525
1.15386
1.15247
1.15108
1.14969
1.14831
1.14692
1.14554
1.14416
1.14278
1.14141
1.14003
1.13866
1.13729
1.13592
1.13455
1.13318
1.13182
1.13045
1.12909
1.12773
1.12637
1.12501
1.12366
1.12231
1.12095
1.1196
1.11825
1.11691
1.11556
1.11422
1.11288
1.11154
1.1102
1.10886
1.10752
1.10619
1.10486
1.10353
1.1022
1.10087
1.09954
1.09822
1.09689
1.09557
1.09425
1.09294
1.09162
1.0903
1.08899
1.08768
1.08637
1.08506
1.08375
1.08245
1.08114
1.07984
1.07854
1.07724
1.07594
1.07465
1.07335
1.07206
1.07077
1.06948
1.06819
1.0669
1.06562
1.06433
1.06305
1.06177
1.06049
1.05921
1.05794
1.05666
1.05539
1.05412
1.05285
1.05158
1.05032
1.04905
1.04779
1.04652
1.04526
1.044
1.04275
1.04149
1.04024
1.03898
1.03773
1.03648
1.03523
1.03399
1.03274
1.0315
1.03025
1.02901
1.02777
1.02654
1.0253
1.02406
1.02283
1.0216
1.02037
1.01914
1.01791
1.01668
1.01546
1.01424
1.01301
1.01179
1.01058
1.00936
1.00814
1.00693
1.00572
1.0045
1.00329
1.00209
1.00088
0.999673
0.998469
0.997266
0.996064
0.994865
0.993666
0.992469
0.991274
0.99008
0.988887
0.987696
0.986506
0.985318
0.984131
0.982946
0.981761
0.980579
0.979398
0.978218
0.97704
0.975863
0.974687
0.973513
0.97234
0.971169
0.969999
0.968831
0.967664
0.966498
0.965334
0.964171
0.96301
0.96185
0.960691
0.959534
0.958378
0.957224
0.956071
0.954919
0.953769
0.95262
0.951472
0.950326
0.949181
0.948038
0.946896
0.945756
0.944616
0.943479
0.942342
0.941207
0.940073
0.938941
0.93781
0.93668
0.935552
0.934425
0.933299
0.932175
0.931052
0.929931
0.928811
0.927692
0.926574
0.925458
0.924343
0.92323
0.922118
0.921007
0.919898
0.91879
0.917683
0.916578
0.915474
0.914371
0.913269
0.912169
0.911071
0.909973
0.908877
0.907782
0.906689
0.905597
0.904506
0.903416
0.902328
0.901241
0.900155
0.899071
0.897988
0.896907
0.895826
0.894747
0.893669
0.892593
0.891518
0.890444
0.889371
0.8883
0.88723
0.886161
0.885094
0.884028
0.882963
0.881899
0.880837
0.879776
0.878716
0.877658
0.8766
0.875544
0.87449
0.873437
0.872384
0.871334
0.870284
0.869236
0.868189
0.867143
0.866098
0.865055
0.864013
0.862972
0.861933
0.860895
0.859858
0.858822
0.857788
0.856754
0.855722
0.854691
0.853662
0.852634
0.851607
0.850581
0.849556
0.848533
0.847511
0.84649
0.84547
0.844452
0.843435
0.842419
0.841404
0.840391
0.839378
0.838367
0.837357
0.836349
0.835341
0.834335
0.83333
0.832326
0.831324
0.830322
0.829322
0.828323
0.827325
0.826329
0.825333
0.824339
0.823346
0.822355
0.821364
0.820375
0.819386
0.818399
0.817414
0.816429
0.815446
0.814463
0.813482
0.812502
0.811524
0.810546
0.80957
0.808595
0.807621
0.806648
0.805676
0.804706
0.803736
0.802768
0.801801
0.800836
0.799871
0.798907
0.797945
0.796984
0.796024
0.795065
0.794107
0.793151
0.792195
0.791241
0.790288
0.789336
0.788385
0.787436
0.786487
0.78554
0.784594
0.783649
0.782705
0.781762
0.78082
0.77988
0.77894
0.778002
0.777065
0.776129
0.775194
0.77426
0.773328
0.772396
0.771466
0.770536
0.769608
0.768681
0.767755
0.766831
0.765907
0.764984
0.764063
0.763142
0.762223
0.761305
0.760388
0.759472
0.758557
0.757644
0.756731
0.755819
0.754909
0.754
0.753091
0.752184
0.751278
0.750373
0.74947
0.748567
0.747665
0.746764
0.745865
0.744966
0.744069
0.743173
0.742278
0.741384
0.740491
0.739599
0.738708
0.737818
0.736929
0.736041
0.735155
0.734269
0.733385
0.732501
0.731619
0.730738
0.729858
0.728979
0.7281
0.727223
0.726347
0.725473
0.724599
0.723726
0.722854
0.721983
0.721114
0.720245
0.719378
0.718511
0.717646
0.716781
0.715918
0.715055
0.714194
0.713334
0.712474
0.711616
0.710759
0.709903
0.709048
0.708194
0.707341
0.706489
0.705638
0.704788
0.703939
0.703091
0.702244
0.701398
0.700553
0.699709
0.698867
0.698025
0.697184
0.696344
0.695505
0.694668
0.693831
0.692995
0.69216
0.691327
0.690494
0.689662
0.688831
0.688002
0.687173
0.686345
0.685518
0.684693
0.683868
0.683044
0.682221
0.6814
0.680579
0.679759
0.67894
0.678123
0.677306
0.67649
0.675675
0.674861
0.674048
0.673236
0.672425
0.671615
0.670806
0.669998
0.669191
0.668385
0.66758
0.666776
0.665973
0.665171
0.66437
0.663569
0.66277
0.661972
0.661174
0.660378
0.659582
0.658788
0.657994
0.657202
0.65641
0.65562
0.65483
0.654041
0.653253
0.652466
0.65168
0.650895
0.650111
0.649328
0.648546
0.647765
0.646985
0.646205
0.645427
0.64465
0.643873
0.643097
0.642323
0.641549
0.640776
0.640004
0.639234
0.638464
0.637694
0.636926
0.636159
0.635393
0.634628
0.633863
0.6331
0.632337
0.631575
0.630815
0.630055
0.629296
0.628538
0.627781
0.627024
0.626269
0.625515
0.624761
0.624009
0.623257
0.622506
0.621757
0.621008
0.62026
0.619513
0.618766
0.618021
0.617277
0.616533
0.61579
0.615049
0.614308
0.613568
0.612829
0.612091
0.611353
0.610617
0.609881
0.609147
0.608413
0.60768
0.606948
0.606217
0.605487
0.604757
0.604029
0.603301
0.602575
0.601849
0.601124
0.6004
0.599677
0.598954
0.598233
0.597512
0.596793
0.596074
0.595356
0.594639
0.593922
0.593207
0.592492
0.591779
0.591066
0.590354
0.589643
0.588932
0.588223
0.587515
0.586807
0.5861
0.585394
0.584689
0.583985
0.583281
0.582579
0.581877
0.581176
0.580476
0.579777
0.579078
0.578381
0.577684
0.576988
0.576293
0.575599
0.574906
0.574213
0.573522
0.572831
0.572141
0.571452
0.570763
0.570076
0.569389
0.568703
0.568018
0.567334
0.566651
0.565968
0.565286
0.564605
0.563925
0.563246
0.562568
0.56189
0.561213
0.560537
0.559862
0.559188
0.558514
0.557841
0.557169
0.556498
0.555828
0.555158
0.55449
0.553822
0.553155
0.552488
0.551823
0.551158
0.550494
0.549831
0.549169
0.548507
0.547847
0.547187
0.546528
0.545869
0.545212
0.544555
0.543899
0.543244
0.54259
0.541936
0.541283
0.540631
0.53998
0.53933
0.53868
0.538031
0.537383
0.536736
0.536089
0.535443
0.534798
0.534154
0.533511
0.532868
0.532226
0.531585
0.530945
0.530305
0.529667
0.529029
0.528391
0.527755
0.527119
0.526484
0.52585
0.525217
0.524584
0.523952
0.523321
0.522691
0.522061
0.521432
0.520804
0.520177
0.51955
0.518924
0.518299
0.517675
0.517051
0.516429
0.515807
0.515185
0.514565
0.513945
0.513326
0.512707
0.51209
0.511473
0.510857
0.510242
0.509627
0.509013
0.5084
0.507788
0.507176
0.506565
0.505955
0.505345
0.504737
0.504129
0.503522
0.502915
0.502309
0.501704
0.5011
0.500496
0.499893
0.499291
0.49869
0.498089
0.497489
0.49689
0.496291
0.495694
0.495096
0.4945
0.493904
0.49331
0.492715
0.492122
0.491529
0.490937
0.490346
0.489755
0.489165
0.488576
0.487987
0.487399
0.486812
0.486226
0.48564
0.485055
0.484471
0.483888
0.483305
0.482723
0.482141
0.48156
0.48098
0.480401
0.479822
0.479244
0.478667
0.47809
0.477515
0.476939
0.476365
0.475791
0.475218
0.474646
0.474074
0.473503
0.472932
0.472363
0.471794
0.471225
0.470658
0.470091
0.469525
0.468959
0.468394
0.46783
0.467266
0.466704
0.466141
0.46558
0.465019
0.464459
0.4639
0.463341
0.462783
0.462225
0.461668
0.461112
0.460557
0.460002
0.459448
0.458895
0.458342
0.45779
0.457238
0.456688
0.456137
0.455588
0.455039
0.454491
0.453944
0.453397
0.452851
0.452305
0.451761
0.451216
0.450673
0.45013
0.449588
0.449046
0.448505
0.447965
0.447426
0.446887
0.446348
0.445811
0.445274
0.444737
0.444202
0.443667
0.443132
0.442598
0.442065
0.441533
0.441001
0.44047
0.439939
0.439409
0.43888
0.438351
0.437823
0.437296
0.436769
0.436243
0.435718
0.435193
0.434668
0.434145
0.433622
0.4331
0.432578
0.432057
0.431536
0.431017
0.430497
0.429979
0.429461
0.428944
0.428427
0.427911
0.427396
0.426881
0.426367
0.425853
0.42534
0.424828
0.424316
0.423805
0.423294
0.422784
0.422275
0.421766
0.421258
0.420751
0.420244
0.419738
0.419232
0.418727
0.418223
0.417719
0.417216
0.416714
0.416212
0.41571
0.41521
0.414709
0.41421
0.413711
0.413213
0.412715
0.412218
0.411721
0.411225
0.41073
0.410235
0.409741
0.409248
0.408755
0.408262
0.40777
0.407279
0.406789
0.406299
0.405809
0.40532
0.404832
0.404345
0.403858
0.403371
0.402885
0.4024
0.401915
0.401431
0.400948
0.400465
0.399982
0.3995
0.399019
0.398539
0.398059
0.397579
0.3971
0.396622
0.396144
0.395667
0.39519
0.394714
0.394239
0.393764
0.39329
0.392816
0.392343
0.39187
0.391398
0.390927
0.390456
0.389985
0.389516
0.389046
0.388578
0.38811
0.387642
0.387175
0.386709
0.386243
0.385778
0.385313
0.384849
0.384386
0.383922
0.38346
0.382998
0.382537
0.382076
0.381616
0.381156
0.380697
0.380238
0.37978
0.379323
0.378866
0.37841
0.377954
0.377499
0.377044
0.37659
0.376136
0.375683
0.375231
0.374779
0.374327
0.373876
0.373426
0.372976
0.372527
0.372078
0.37163
0.371182
0.370735
0.370289
0.369842
0.369397
0.368952
0.368508
0.368064
0.36762
0.367178
0.366735
0.366294
0.365852
0.365412
0.364971
0.364532
0.364093
0.363654
0.363216
0.362779
0.362342
0.361905
0.361469
0.361034
0.360599
0.360165
0.359731
0.359297
0.358865
0.358432
0.358001
0.357569
0.357139
0.356709
0.356279
0.35585
0.355421
0.354993
0.354565
0.354138
0.353712
0.353286
0.35286
0.352435
0.352011
0.351587
0.351163
0.35074
0.350318
0.349896
0.349474
0.349053
0.348633
0.348213
0.347793
0.347374
0.346956
0.346538
0.346121
0.345704
0.345287
0.344871
0.344456
0.344041
0.343627
0.343213
0.342799
0.342386
0.341974
0.341562
0.341151
0.34074
0.340329
0.339919
0.33951
0.339101
0.338692
0.338284
0.337877
0.33747
0.337063
0.336657
0.336252
0.335847
0.335442
0.335038
0.334635
0.334232
0.333829
0.333427
0.333025
0.332624
0.332223
0.331823
0.331424
0.331024
0.330626
0.330227
0.32983
0.329432
0.329035
0.328639
0.328243
0.327848
0.327453
0.327058
0.326665
0.326271
0.325878
0.325485
0.325093
0.324702
0.324311
0.32392
0.32353
0.32314
0.322751
0.322362
0.321974
0.321586
0.321199
0.320812
0.320425
0.320039
0.319654
0.319269
0.318884
0.3185
0.318117
0.317733
0.317351
0.316968
0.316587
0.316205
0.315824
0.315444
0.315064
0.314685
0.314305
0.313927
0.313549
0.313171
0.312794
0.312417
0.312041
0.311665
0.311289
0.310914
0.31054
0.310166
0.309792
0.309419
0.309046
0.308674
0.308302
0.307931
0.30756
0.30719
0.30682
0.30645
0.306081
0.305712
0.305344
0.304976
0.304609
0.304242
0.303875
0.303509
0.303144
0.302779
0.302414
0.30205
0.301686
0.301322
0.30096
0.300597
0.300235
0.299873
0.299512
0.299151
0.298791
0.298431
0.298072
0.297713
0.297354
0.296996
0.296638
0.296281
0.295924
0.295567
0.295211
0.294856
0.294501
0.294146
0.293791
0.293438
0.293084
0.292731
0.292378
0.292026
0.291675
0.291323
0.290972
0.290622
0.290272
0.289922
0.289573
0.289224
0.288876
0.288528
0.28818
0.287833
0.287486
0.28714
0.286794
0.286449
0.286104
0.285759
0.285415
0.285071
0.284728
0.284385
0.284042
0.2837
0.283358
0.283017
0.282676
0.282336
0.281995
0.281656
0.281317
0.280978
0.280639
0.280301
0.279964
0.279626
0.27929
0.278953
0.278617
0.278281
0.277946
0.277612
0.277277
0.276943
0.27661
0.276276
0.275944
0.275611
0.275279
0.274948
0.274616
0.274286
0.273955
0.273625
0.273296
0.272966
0.272638
0.272309
0.271981
0.271654
0.271326
0.271
0.270673
0.270347
0.270021
0.269696
0.269371
0.269047
0.268723
0.268399
0.268076
0.267753
0.26743
0.267108
0.266787
0.266465
0.266144
0.265824
0.265503
0.265184
0.264864
0.264545
0.264227
0.263908
0.26359
0.263273
0.262956
0.262639
0.262323
0.262007
0.261691
0.261376
0.261061
0.260747
0.260432
0.260119
0.259805
0.259492
0.25918
0.258868
0.258556
0.258244
0.257933
0.257623
0.257312
0.257002
0.256693
0.256384
0.256075
0.255766
0.255458
0.255151
0.254843
0.254536
0.25423
0.253923
0.253618
0.253312
0.253007
0.252702
0.252398
0.252094
0.25179
0.251487
0.251184
0.250881
0.250579
0.250277
0.249976
0.249675
0.249374
0.249074
0.248774
0.248474
0.248175
0.247876
0.247577
0.247279
0.246981
0.246684
0.246386
0.24609
0.245793
0.245497
0.245201
0.244906
0.244611
0.244316
0.244022
0.243728
0.243435
0.243141
0.242849
0.242556
0.242264
0.241972
0.241681
0.241389
0.241099
0.240808
0.240518
0.240228
0.239939
0.23965
0.239361
0.239073
0.238785
0.238497
0.23821
0.237923
0.237637
0.23735
0.237065
0.236779
0.236494
0.236209
0.235924
0.23564
0.235356
0.235073
0.23479
0.234507
0.234224
0.233942
0.23366
0.233379
0.233098
0.232817
0.232537
0.232257
0.231977
0.231697
0.231418
0.23114
0.230861
0.230583
0.230305
0.230028
0.229751
0.229474
0.229198
0.228922
0.228646
0.22837
0.228095
0.227821
0.227546
0.227272
0.226998
0.226725
0.226452
0.226179
0.225907
0.225635
0.225363
0.225091
0.22482
0.224549
0.224279
0.224009
0.223739
0.223469
0.2232
0.222931
0.222663
0.222395
0.222127
0.221859
0.221592
0.221325
0.221058
0.220792
0.220526
0.220261
0.219995
0.21973
0.219466
0.219201
0.218937
0.218673
0.21841
0.218147
0.217884
0.217622
0.21736
0.217098
0.216836
0.216575
0.216314
0.216054
0.215793
0.215533
0.215274
0.215015
0.214756
0.214497
0.214238
0.21398
0.213723
0.213465
0.213208
0.212951
0.212695
0.212439
0.212183
0.211927
0.211672
0.211417
0.211162
0.210908
0.210654
0.2104
0.210147
0.209893
0.209641
0.209388
0.209136
0.208884
0.208632
0.208381
0.20813
0.207879
0.207629
0.207379
0.207129
0.20688
0.20663
0.206381
0.206133
0.205885
0.205637
0.205389
0.205141
0.204894
0.204648
0.204401
0.204155
0.203909
0.203663
0.203418
0.203173
0.202928
0.202684
0.20244
0.202196
0.201952
0.201709
0.201466
0.201223
0.200981
0.200739
0.200497
0.200256
0.200014
0.199773
0.199533
0.199292
0.199052
0.198813
0.198573
0.198334
0.198095
0.197856
0.197618
0.19738
0.197142
0.196905
0.196668
0.196431
0.196194
0.195958
0.195722
0.195486
0.195251
0.195015
0.19478
0.194546
0.194311
0.194077
0.193844
0.19361
0.193377
0.193144
0.192911
0.192679
0.192447
0.192215
0.191984
0.191752
0.191521
0.191291
0.19106
0.19083
0.1906
0.190371
0.190141
0.189912
0.189684
0.189455
0.189227
0.188999
0.188771
0.188544
0.188317
0.18809
0.187863
0.187637
0.187411
0.187185
0.18696
0.186735
0.18651
0.186285
0.186061
0.185837
0.185613
0.185389
0.185166
0.184943
0.18472
0.184498
0.184275
0.184053
0.183832
0.18361
0.183389
0.183168
0.182948
0.182727
0.182507
0.182287
0.182068
0.181848
0.181629
0.181411
0.181192
0.180974
0.180756
0.180538
0.180321
0.180103
0.179886
0.17967
0.179453
0.179237
0.179021
0.178806
0.17859
0.178375
0.17816
0.177946
0.177731
0.177517
0.177303
0.17709
0.176877
0.176663
0.176451
0.176238
0.176026
0.175814
0.175602
0.17539
0.175179
0.174968
0.174757
0.174547
0.174337
0.174127
0.173917
0.173707
0.173498
0.173289
0.173081
0.172872
0.172664
0.172456
0.172248
0.172041
0.171833
0.171626
0.17142
0.171213
0.171007
0.170801
0.170595
0.17039
0.170185
0.16998
0.169775
0.16957
0.169366
0.169162
0.168958
0.168755
0.168551
0.168348
0.168146
0.167943
0.167741
0.167539
0.167337
0.167135
0.166934
0.166733
0.166532
0.166332
0.166131
0.165931
0.165731
0.165532
0.165332
0.165133
0.164934
0.164735
0.164537
0.164339
0.164141
0.163943
0.163746
0.163548
0.163351
0.163155
0.162958
0.162762
0.162566
0.16237
0.162174
0.161979
0.161784
0.161589
0.161394
0.1612
0.161006
0.160812
0.160618
0.160425
0.160231
0.160038
0.159846
0.159653
0.159461
0.159269
0.159077
0.158885
0.158694
0.158503
0.158312
0.158121
0.157931
0.15774
0.15755
0.157361
0.157171
0.156982
0.156793
0.156604
0.156415
0.156227
0.156039
0.155851
0.155663
0.155475
0.155288
0.155101
0.154914
0.154728
0.154541
0.154355
0.154169
0.153983
0.153798
0.153613
0.153428
0.153243
0.153058
0.152874
0.15269
0.152506
0.152322
0.152139
0.151955
0.151772
0.15159
0.151407
0.151225
0.151042
0.150861
0.150679
0.150497
0.150316
0.150135
0.149954
0.149773
0.149593
0.149413
0.149233
0.149053
0.148874
0.148694
0.148515
0.148336
0.148158
0.147979
0.147801
0.147623
0.147445
0.147267
0.14709
0.146913
0.146736
0.146559
0.146383
0.146206
0.14603
0.145854
0.145679
0.145503
0.145328
0.145153
0.144978
0.144803
0.144629
0.144455
0.144281
0.144107
0.143933
0.14376
0.143587
0.143414
0.143241
0.143069
0.142896
0.142724
0.142552
0.142381
0.142209
0.142038
0.141867
0.141696
0.141525
0.141355
0.141184
0.141014
0.140844
0.140675
0.140505
0.140336
0.140167
0.139998
0.13983
0.139661
0.139493
0.139325
0.139157
0.138989
0.138822
0.138655
0.138488
0.138321
0.138154
0.137988
0.137822
0.137656
0.13749
0.137324
0.137159
0.136994
0.136829
0.136664
0.136499
0.136335
0.136171
0.136007
0.135843
0.135679
0.135516
0.135352
0.135189
0.135027
0.134864
0.134701
0.134539
0.134377
0.134215
0.134054
0.133892
0.133731
0.13357
0.133409
0.133248
0.133088
0.132927
0.132767
0.132607
0.132448
0.132288
0.132129
0.131969
0.131811
0.131652
0.131493
0.131335
0.131177
0.131019
0.130861
0.130703
0.130546
0.130388
0.130231
0.130075
0.129918
0.129761
0.129605
0.129449
0.129293
0.129137
0.128982
0.128826
0.128671
0.128516
0.128361
0.128207
0.128052
0.127898
0.127744
0.12759
0.127436
0.127283
0.12713
0.126976
0.126824
0.126671
0.126518
0.126366
0.126214
0.126062
0.12591
0.125758
0.125607
0.125455
0.125304
0.125153
0.125002
0.124852
0.124701
0.124551
0.124401
0.124251
0.124102
0.123952
0.123803
0.123654
0.123505
0.123356
0.123208
0.123059
0.122911
0.122763
0.122615
0.122467
0.12232
0.122172
0.122025
0.121878
0.121731
0.121585
0.121438
0.121292
0.121146
0.121
0.120854
0.120709
0.120563
0.120418
0.120273
0.120128
0.119983
0.119839
0.119695
0.11955
0.119406
0.119263
0.119119
0.118975
0.118832
0.118689
0.118546
0.118403
0.118261
0.118118
0.117976
0.117834
0.117692
0.11755
0.117408
0.117267
0.117126
0.116985
0.116844
0.116703
0.116562
0.116422
0.116282
0.116142
0.116002
0.115862
0.115723
0.115583
0.115444
0.115305
0.115166
0.115027
0.114889
0.11475
0.114612
0.114474
0.114336
0.114199
0.114061
0.113924
0.113786
0.113649
0.113512
0.113376
0.113239
0.113103
0.112966
0.11283
0.112694
0.112559
0.112423
0.112288
0.112152
0.112017
0.111882
0.111748
0.111613
0.111479
0.111344
0.11121
0.111076
0.110942
0.110809
0.110675
0.110542
0.110409
0.110276
0.110143
0.11001
0.109878
0.109746
0.109613
0.109481
0.109349
0.109218
0.109086
0.108955
0.108823
0.108692
0.108561
0.108431
0.1083
0.10817
0.108039
0.107909
0.107779
0.107649
0.10752
0.10739
0.107261
0.107132
0.107003
0.106874
0.106745
0.106616
0.106488
0.10636
0.106232
0.106104
0.105976
0.105848
0.105721
0.105593
0.105466
0.105339
0.105212
0.105086
0.104959
0.104833
0.104706
0.10458
0.104454
0.104328
0.104203
0.104077
0.103952
0.103827
0.103702
0.103577
0.103452
0.103327
0.103203
0.103078
0.102954
0.10283
0.102706
0.102583
0.102459
0.102336
0.102212
0.102089
0.101966
0.101844
0.101721
0.101598
0.101476
0.101354
0.101232
0.10111
0.100988
0.100866
0.100745
0.100623
0.100502
0.100381
0.10026
0.100139
0.100019
0.0998984
0.0997781
0.0996579
0.0995378
0.0994179
0.0992982
0.0991786
0.0990591
0.0989398
0.0988206
0.0987016
0.0985827
0.0984639
0.0983453
0.0982269
0.0981086
0.0979904
0.0978724
0.0977545
0.0976367
0.0975191
0.0974016
0.0972843
0.0971671
0.0970501
0.0969332
0.0968164
0.0966998
0.0965833
0.096467
0.0963508
0.0962347
0.0961188
0.096003
0.0958874
0.0957719
0.0956565
0.0955413
0.0954262
0.0953113
0.0951964
0.0950818
0.0949673
0.0948529
0.0947386
0.0946245
0.0945105
0.0943967
0.094283
0.0941694
0.094056
0.0939427
0.0938295
0.0937165
0.0936036
0.0934909
0.0933783
0.0932658
0.0931534
0.0930412
0.0929292
0.0928172
0.0927054
0.0925938
0.0924822
0.0923708
0.0922595
0.0921484
0.0920374
0.0919266
0.0918158
0.0917052
0.0915948
0.0914844
0.0913743
0.0912642
0.0911543
0.0910445
0.0909348
0.0908253
0.0907159
0.0906066
0.0904975
0.0903885
0.0902796
0.0901709
0.0900622
0.0899538
0.0898454
0.0897372
0.0896291
0.0895211
0.0894133
0.0893056
0.089198
0.0890906
0.0889832
0.0888761
0.088769
0.0886621
0.0885553
0.0884486
0.0883421
0.0882357
0.0881294
0.0880232
0.0879172
0.0878113
0.0877055
0.0875999
0.0874944
0.087389
0.0872837
0.0871786
0.0870736
0.0869687
0.0868639
0.0867593
0.0866548
0.0865504
0.0864462
0.086342
0.086238
0.0861342
0.0860304
0.0859268
0.0858233
0.0857199
0.0856166
0.0855135
0.0854105
0.0853076
0.0852049
0.0851022
0.0849997
0.0848974
0.0847951
0.0846929
0.0845909
0.084489
0.0843873
0.0842856
0.0841841
0.0840827
0.0839814
0.0838803
0.0837792
0.0836783
0.0835775
0.0834768
0.0833763
0.0832758
0.0831755
0.0830753
0.0829753
0.0828753
0.0827755
0.0826758
0.0825762
0.0824768
0.0823774
0.0822782
0.0821791
0.0820801
0.0819812
0.0818825
0.0817838
0.0816853
0.0815869
0.0814886
0.0813905
0.0812925
0.0811945
0.0810967
0.0809991
0.0809015
0.080804
0.0807067
0.0806095
0.0805124
0.0804154
0.0803185
0.0802218
0.0801252
0.0800286
0.0799322
0.079836
0.0797398
0.0796437
0.0795478
0.079452
0.0793563
0.0792607
0.0791652
0.0790699
0.0789746
0.0788795
0.0787845
0.0786896
0.0785948
0.0785001
0.0784056
0.0783111
0.0782168
0.0781226
0.0780285
0.0779345
0.0778406
0.0777468
0.0776532
0.0775596
0.0774662
0.0773729
0.0772797
0.0771866
0.0770936
0.0770008
0.076908
0.0768154
0.0767229
0.0766305
0.0765382
0.076446
0.0763539
0.0762619
0.0761701
0.0760783
0.0759867
0.0758951
0.0758037
0.0757124
0.0756212
0.0755301
0.0754391
0.0753483
0.0752575
0.0751669
0.0750763
0.0749859
0.0748956
0.0748053
0.0747152
0.0746252
0.0745353
0.0744456
0.0743559
0.0742663
0.0741769
0.0740875
0.0739983
0.0739092
0.0738202
0.0737312
0.0736424
0.0735537
0.0734651
0.0733766
0.0732882
0.0732
0.0731118
0.0730237
0.0729358
0.0728479
0.0727602
0.0726725
0.072585
0.0724976
0.0724102
0.072323
0.0722359
0.0721489
0.072062
0.0719752
0.0718885
0.0718019
0.0717154
0.071629
0.0715427
0.0714566
0.0713705
0.0712845
0.0711987
0.0711129
0.0710272
0.0709417
0.0708562
0.0707709
0.0706856
0.0706005
0.0705154
0.0704305
0.0703456
0.0702609
0.0701763
0.0700917
0.0700073
0.069923
0.0698388
0.0697546
0.0696706
0.0695867
0.0695029
0.0694191
0.0693355
0.069252
0.0691686
0.0690853
0.069002
0.0689189
0.0688359
0.068753
0.0686702
0.0685875
0.0685049
0.0684223
0.0683399
0.0682576
0.0681754
0.0680933
0.0680113
0.0679293
0.0678475
0.0677658
0.0676841
0.0676026
0.0675212
0.0674399
0.0673586
0.0672775
0.0671965
0.0671155
0.0670347
0.066954
0.0668733
0.0667928
0.0667123
0.066632
0.0665517
0.0664715
0.0663915
0.0663115
0.0662316
0.0661518
0.0660721
0.0659925
0.065913
0.0658336
0.0657543
0.0656751
0.065596
0.065517
0.0654381
0.0653592
0.0652805
0.0652019
0.0651233
0.0650449
0.0649665
0.0648883
0.0648101
0.064732
0.0646541
0.0645762
0.0644984
0.0644207
0.0643431
0.0642656
0.0641881
0.0641108
0.0640336
0.0639564
0.0638794
0.0638025
0.0637256
0.0636488
0.0635722
0.0634956
0.0634191
0.0633427
0.0632664
0.0631902
0.0631141
0.0630381
0.0629621
0.0628863
0.0628105
0.0627349
0.0626593
0.0625839
0.0625085
0.0624332
0.062358
0.0622829
0.0622078
0.0621329
0.0620581
0.0619833
0.0619087
0.0618341
0.0617596
0.0616852
0.0616109
0.0615367
0.0614626
0.0613885
0.0613146
0.0612407
0.061167
0.0610933
0.0610197
0.0609462
0.0608728
0.0607994
0.0607262
0.0606531
0.06058
0.060507
0.0604341
0.0603613
0.0602886
0.060216
0.0601435
0.060071
0.0599987
0.0599264
0.0598542
0.0597821
0.0597101
0.0596382
0.0595663
0.0594946
0.0594229
0.0593514
0.0592799
0.0592085
0.0591371
0.0590659
0.0589948
0.0589237
0.0588527
0.0587818
0.058711
0.0586403
0.0585697
0.0584991
0.0584287
0.0583583
0.058288
0.0582178
0.0581476
0.0580776
0.0580076
0.0579378
0.057868
0.0577983
0.0577286
0.0576591
0.0575896
0.0575203
0.057451
0.0573818
0.0573127
0.0572436
0.0571747
0.0571058
0.057037
0.0569683
0.0568997
0.0568311
0.0567627
0.0566943
0.056626
0.0565578
0.0564897
0.0564216
0.0563537
0.0562858
0.056218
0.0561503
0.0560826
0.0560151
0.0559476
0.0558802
0.0558129
0.0557457
0.0556785
0.0556114
0.0555444
0.0554775
0.0554107
0.055344
0.0552773
0.0552107
0.0551442
0.0550778
0.0550114
0.0549452
0.054879
0.0548129
0.0547469
0.0546809
0.054615
0.0545493
0.0544836
0.0544179
0.0543524
0.0542869
0.0542215
0.0541562
0.054091
0.0540258
0.0539607
0.0538957
0.0538308
0.053766
0.0537012
0.0536365
0.0535719
0.0535074
0.0534429
0.0533786
0.0533143
0.05325
0.0531859
0.0531218
0.0530578
0.0529939
0.0529301
0.0528663
0.0528026
0.052739
0.0526755
0.0526121
0.0525487
0.0524854
0.0524222
0.052359
0.052296
0.052233
0.0521701
0.0521072
0.0520445
0.0519818
0.0519192
0.0518566
0.0517942
0.0517318
0.0516695
0.0516072
0.0515451
0.051483
0.051421
0.051359
0.0512972
0.0512354
0.0511737
0.051112
0.0510505
0.050989
0.0509275
0.0508662
0.0508049
0.0507437
0.0506826
0.0506216
0.0505606
0.0504997
0.0504389
0.0503781
0.0503174
0.0502568
0.0501963
0.0501358
0.0500754
0.0500151
0.0499549
0.0498947
0.0498346
0.0497746
0.0497146
0.0496547
0.0495949
0.0495352
0.0494755
0.0494159
0.0493564
0.0492969
0.0492375
0.0491782
0.049119
0.0490598
0.0490007
0.0489417
0.0488828
0.0488239
0.0487651
0.0487063
0.0486477
0.0485891
0.0485305
0.0484721
0.0484137
0.0483554
0.0482971
0.048239
0.0481809
0.0481228
0.0480649
0.048007
0.0479492
0.0478914
0.0478337
0.0477761
0.0477185
0.047661
0.0476036
0.0475463
0.047489
0.0474318
0.0473746
0.0473176
0.0472606
0.0472036
0.0471468
0.04709
0.0470333
0.0469766
0.04692
0.0468635
0.046807
0.0467506
0.0466943
0.0466381
0.0465819
0.0465258
0.0464698
0.0464138
0.0463579
0.0463021
0.0462463
0.0461906
0.046135
0.0460794
0.0460239
0.0459684
0.045913
0.0458577
0.0458025
0.0457473
0.0456922
0.0456372
0.0455822
0.0455273
0.0454724
0.0454177
0.0453629
0.0453083
0.0452537
0.0451992
0.0451448
0.0450904
0.0450361
0.0449819
0.0449277
0.0448735
0.0448195
0.0447655
0.0447116
0.0446577
0.0446039
0.0445502
0.0444966
0.044443
0.0443894
0.0443359
0.0442825
0.0442292
0.0441759
0.0441227
0.0440695
0.0440165
0.0439634
0.0439105
0.0438576
0.0438047
0.043752
0.0436993
0.0436466
0.0435941
0.0435415
0.0434891
0.0434367
0.0433844
0.0433321
0.0432799
0.0432278
0.0431757
0.0431237
0.0430717
0.0430198
0.042968
0.0429163
0.0428646
0.0428129
0.0427614
0.0427098
0.0426584
0.042607
0.0425557
0.0425044
0.0424532
0.0424021
0.042351
0.0423
0.042249
0.0421981
0.0421473
0.0420965
0.0420458
0.0419952
0.0419446
0.0418941
0.0418436
0.0417932
0.0417429
0.0416926
0.0416424
0.0415922
0.0415421
0.041492
0.041442
0.0413921
0.0413423
0.0412925
0.0412427
0.041193
0.0411434
0.0410939
0.0410444
0.0409949
0.0409455
0.0408962
0.040847
0.0407977
0.0407486
0.0406995
0.0406505
0.0406015
0.0405526
0.0405038
0.040455
0.0404063
0.0403576
0.040309
0.0402604
0.0402119
0.0401635
0.0401151
0.0400668
0.0400185
0.0399703
0.0399222
0.0398741
0.0398261
0.0397781
0.0397302
0.0396823
0.0396345
0.0395868
0.0395391
0.0394915
0.0394439
0.0393964
0.039349
0.0393016
0.0392542
0.0392069
0.0391597
0.0391125
0.0390654
0.0390184
0.0389714
0.0389244
0.0388775
0.0388307
0.0387839
0.0387372
0.0386905
0.0386439
0.0385974
0.0385509
0.0385044
0.0384581
0.0384117
0.0383655
0.0383193
0.0382731
0.038227
0.038181
0.038135
0.0380891
0.0380432
0.0379973
0.0379516
0.0379058
0.0378602
0.0378146
0.037769
0.0377235
0.0376781
0.0376327
0.0375874
0.0375421
0.0374969
0.0374517
0.0374066
0.0373615
0.0373165
0.0372716
0.0372267
0.0371819
0.0371371
0.0370923
0.0370477
0.037003
0.0369585
0.0369139
0.0368695
0.0368251
0.0367807
0.0367364
0.0366922
0.036648
0.0366038
0.0365597
0.0365157
0.0364717
0.0364277
0.0363839
0.03634
0.0362963
0.0362525
0.0362089
0.0361653
0.0361217
0.0360782
0.0360347
0.0359913
0.035948
0.0359047
0.0358614
0.0358182
0.0357751
0.035732
0.035689
0.035646
0.035603
0.0355601
0.0355173
0.0354745
0.0354318
0.0353891
0.0353465
0.0353039
0.0352614
0.0352189
0.0351765
0.0351341
0.0350918
0.0350495
0.0350073
0.0349651
0.034923
0.0348809
0.0348389
0.0347969
0.034755
0.0347131
0.0346713
0.0346295
0.0345878
0.0345462
0.0345045
0.034463
0.0344215
0.03438
0.0343386
0.0342972
0.0342559
0.0342146
0.0341734
0.0341322
0.0340911
0.03405
0.034009
0.033968
0.0339271
0.0338862
0.0338454
0.0338046
0.0337639
0.0337232
0.0336826
0.0336421
0.0336015
0.0335611
0.0335206
0.0334803
0.0334399
0.0333996
0.0333594
0.0333192
0.0332791
0.033239
0.033199
0.033159
0.033119
0.0330791
0.0330393
0.0329995
0.0329597
0.03292
0.0328804
0.0328408
0.0328012
0.0327617
0.0327223
0.0326828
0.0326435
0.0326042
0.0325649
0.0325257
0.0324865
0.0324473
0.0324083
0.0323692
0.0323302
0.0322913
0.0322524
0.0322135
0.0321747
0.032136
0.0320972
0.0320586
0.03202
0.0319814
0.0319429
0.0319044
0.031866
0.0318276
0.0317893
0.031751
0.0317127
0.0316745
0.0316364
0.0315983
0.0315602
0.0315222
0.0314842
0.0314463
0.0314084
0.0313706
0.0313328
0.0312951
0.0312574
0.0312197
0.0311821
0.0311445
0.031107
0.0310696
0.0310321
0.0309948
0.0309574
0.0309202
0.0308829
0.0308457
0.0308086
0.0307714
0.0307344
0.0306974
0.0306604
0.0306234
0.0305866
0.0305497
0.0305129
0.0304762
0.0304394
0.0304028
0.0303662
0.0303296
0.0302931
0.0302566
0.0302201
0.0301837
0.0301474
0.0301111
0.0300748
0.0300386
0.0300024
0.0299662
0.0299302
0.0298941
0.0298581
0.0298221
0.0297862
0.0297503
0.0297145
0.0296787
0.029643
0.0296072
0.0295716
0.0295359
0.0295004
0.0294648
0.0294293
0.0293939
0.0293585
0.0293231
0.0292878
0.0292525
0.0292173
0.0291821
0.0291469
0.0291118
0.0290767
0.0290417
0.0290067
0.0289718
0.0289369
0.0289021
0.0288673
0.0288325
0.0287977
0.028763
0.0287284
0.0286938
0.0286592
0.0286247
0.0285902
0.0285558
0.0285214
0.028487
0.0284527
0.0284184
0.0283842
0.02835
0.0283158
0.0282817
0.0282477
0.0282136
0.0281796
0.0281457
0.0281118
0.0280779
0.0280441
0.0280103
0.0279766
0.0279429
0.0279092
0.0278756
0.027842
0.0278085
0.027775
0.0277415
0.0277081
0.0276747
0.0276414
0.0276081
0.0275748
0.0275416
0.0275084
0.0274753
0.0274422
0.0274091
0.0273761
0.0273432
0.0273102
0.0272773
0.0272445
0.0272117
0.0271789
0.0271461
0.0271134
0.0270808
0.0270482
0.0270156
0.0269831
0.0269506
0.0269181
0.0268857
0.0268533
0.0268209
0.0267886
0.0267564
0.0267241
0.026692
0.0266598
0.0266277
0.0265956
0.0265636
0.0265316
0.0264996
0.0264677
0.0264358
0.026404
0.0263722
0.0263404
0.0263086
0.0262769
0.0262453
0.0262137
0.0261821
0.0261506
0.0261191
0.0260876
0.0260562
0.0260248
0.0259934
0.0259621
0.0259308
0.0258996
0.0258684
0.0258373
0.0258061
0.025775
0.025744
0.025713
0.025682
0.0256511
0.0256202
0.0255893
0.0255585
0.0255277
0.0254969
0.0254662
0.0254355
0.0254049
0.0253743
0.0253437
0.0253132
0.0252827
0.0252522
0.0252218
0.0251914
0.0251611
0.0251308
0.0251005
0.0250703
0.0250401
0.0250099
0.0249798
0.0249497
0.0249197
0.0248897
0.0248597
0.0248297
0.0247998
0.02477
0.0247401
0.0247103
0.0246806
0.0246508
0.0246211
0.0245915
0.0245618
0.0245323
0.0245027
0.0244732
0.0244437
0.0244143
0.0243849
0.0243555
0.0243262
0.0242969
0.0242676
0.0242384
0.0242092
0.0241801
0.0241509
0.0241218
0.0240928
0.0240638
0.0240348
0.0240058
0.0239769
0.023948
0.0239192
0.0238904
0.0238616
0.0238329
0.0238042
0.0237755
0.0237469
0.0237183
0.0236897
0.0236611
0.0236326
0.0236042
0.0235757
0.0235473
0.023519
0.0234907
0.0234624
0.0234341
0.0234059
0.0233777
0.0233495
0.0233214
0.0232933
0.0232653
0.0232372
0.0232092
0.0231813
0.0231533
0.0231255
0.0230976
0.0230698
0.023042
0.0230142
0.0229865
0.0229588
0.0229312
0.0229035
0.022876
0.0228484
0.0228209
0.0227934
0.0227659
0.0227385
0.0227111
0.0226838
0.0226564
0.0226292
0.0226019
0.0225747
0.0225475
0.0225203
0.0224932
0.0224661
0.022439
0.022412
0.022385
0.0223581
0.0223311
0.0223042
0.0222773
0.0222505
0.0222237
0.0221969
0.0221702
0.0221435
0.0221168
0.0220902
0.0220636
0.022037
0.0220105
0.021984
0.0219575
0.021931
0.0219046
0.0218782
0.0218519
0.0218256
0.0217993
0.021773
0.0217468
0.0217206
0.0216944
0.0216683
0.0216422
0.0216161
0.0215901
0.0215641
0.0215381
0.0215122
0.0214862
0.0214604
0.0214345
0.0214087
0.0213829
0.0213572
0.0213314
0.0213057
0.0212801
0.0212545
0.0212289
0.0212033
0.0211778
0.0211523
0.0211268
0.0211013
0.0210759
0.0210505
0.0210252
0.0209999
0.0209745
0.0209493
0.020924
0.0208988
0.0208737
0.0208485
0.0208234
0.0207983
0.0207733
0.0207483
0.0207233
0.0206983
0.0206734
0.0206485
0.0206236
0.0205988
0.020574
0.0205492
0.0205244
0.0204997
0.020475
0.0204504
0.0204257
0.0204011
0.0203766
0.020352
0.0203275
0.020303
0.0202786
0.0202542
0.0202298
0.0202054
0.0201811
0.0201568
0.0201325
0.0201082
0.020084
0.0200598
0.0200356
0.0200115
0.0199874
0.0199634
0.0199393
0.0199153
0.0198913
0.0198674
0.0198434
0.0198195
0.0197956
0.0197718
0.019748
0.0197242
0.0197004
0.0196767
0.019653
0.0196293
0.0196057
0.0195821
0.0195585
0.019535
0.0195114
0.0194879
0.0194644
0.019441
0.0194176
0.0193942
0.0193708
0.0193475
0.0193242
0.0193009
0.0192777
0.0192544
0.0192312
0.0192081
0.0191849
0.0191618
0.0191388
0.0191157
0.0190927
0.0190697
0.0190468
0.0190238
0.0190009
0.018978
0.0189552
0.0189323
0.0189095
0.0188867
0.018864
0.0188412
0.0188185
0.0187959
0.0187732
0.0187506
0.018728
0.0187055
0.0186829
0.0186604
0.0186379
0.0186155
0.0185931
0.0185707
0.0185483
0.018526
0.0185036
0.0184814
0.0184591
0.0184369
0.0184147
0.0183925
0.0183703
0.0183482
0.0183261
0.018304
0.018282
0.01826
0.018238
0.018216
0.0181941
0.0181721
0.0181503
0.0181284
0.0181065
0.0180847
0.0180629
0.0180412
0.0180195
0.0179978
0.0179761
0.0179544
0.0179328
0.0179112
0.0178896
0.0178681
0.0178465
0.017825
0.0178036
0.0177821
0.0177607
0.0177393
0.0177179
0.0176966
0.0176753
0.017654
0.0176327
0.0176115
0.0175903
0.0175691
0.0175479
0.0175268
0.0175057
0.0174846
0.0174635
0.0174425
0.0174215
0.0174005
0.0173795
0.0173586
0.0173377
0.0173168
0.0172959
0.0172751
0.0172543
0.0172335
0.0172128
0.017192
0.0171714
0.0171507
0.01713
0.0171094
0.0170888
0.0170682
0.0170476
0.0170271
0.0170066
0.0169861
0.0169656
0.0169452
0.0169247
0.0169044
0.016884
0.0168637
0.0168433
0.0168231
0.0168028
0.0167826
0.0167623
0.0167421
0.016722
0.0167018
0.0166817
0.0166616
0.0166416
0.0166215
0.0166015
0.0165815
0.0165615
0.0165416
0.0165216
0.0165017
0.0164819
0.016462
0.0164422
0.0164224
0.0164026
0.0163828
0.0163631
0.0163434
0.0163237
0.016304
0.0162844
0.0162648
0.0162452
0.0162256
0.0162061
0.0161866
0.0161671
0.0161476
0.0161282
0.0161087
0.0160893
0.0160699
0.0160506
0.0160312
0.0160119
0.0159926
0.0159734
0.0159541
0.0159349
0.0159157
0.0158965
0.0158774
0.0158583
0.0158392
0.0158201
0.015801
0.015782
0.015763
0.015744
0.015725
0.0157061
0.0156872
0.0156683
0.0156494
0.0156306
0.0156118
0.0155929
0.0155742
0.0155554
0.0155367
0.015518
0.0154993
0.0154806
0.0154619
0.0154433
0.0154247
0.0154061
0.0153876
0.0153691
0.0153505
0.015332
0.0153136
0.0152951
0.0152767
0.0152583
0.0152399
0.0152216
0.0152032
0.0151849
0.0151666
0.0151484
0.0151301
0.0151119
0.0150937
0.0150755
0.0150573
0.0150392
0.0150211
0.015003
0.0149849
0.0149668
0.0149488
0.0149308
0.0149128
0.0148949
0.0148769
0.014859
0.0148411
0.0148232
0.0148054
0.0147875
0.0147697
0.0147519
0.0147342
0.0147164
0.0146987
0.014681
0.0146633
0.0146456
0.014628
0.0146104
0.0145928
0.0145752
0.0145576
0.0145401
0.0145226
0.0145051
0.0144876
0.0144701
0.0144527
0.0144353
0.0144179
0.0144006
0.0143832
0.0143659
0.0143486
0.0143313
0.014314
0.0142968
0.0142796
0.0142624
0.0142452
0.014228
0.0142109
0.0141938
0.0141767
0.0141596
0.0141425
0.0141255
0.0141085
0.0140915
0.0140745
0.0140576
0.0140406
0.0140237
0.0140068
0.01399
0.0139731
0.0139563
0.0139395
0.0139227
0.0139059
0.0138892
0.0138724
0.0138557
0.013839
0.0138224
0.0138057
0.0137891
0.0137725
0.0137559
0.0137393
0.0137228
0.0137062
0.0136897
0.0136732
0.0136568
0.0136403
0.0136239
0.0136075
0.0135911
0.0135747
0.0135583
0.013542
0.0135257
0.0135094
0.0134931
0.0134769
0.0134606
0.0134444
0.0134282
0.0134121
0.0133959
0.0133798
0.0133636
0.0133475
0.0133315
0.0133154
0.0132994
0.0132833
0.0132674
0.0132514
0.0132354
0.0132195
0.0132036
0.0131876
0.0131718
0.0131559
0.01314
0.0131242
0.0131084
0.0130926
0.0130768
0.0130611
0.0130453
0.0130296
0.0130139
0.0129983
0.0129826
0.0129669
0.0129513
0.0129357
0.0129201
0.0129046
0.012889
0.0128735
0.012858
0.0128425
0.0128271
0.0128116
0.0127962
0.0127807
0.0127653
0.01275
0.0127346
0.0127193
0.0127039
0.0126886
0.0126734
0.0126581
0.0126429
0.0126276
0.0126124
0.0125972
0.012582
0.0125669
0.0125517
0.0125366
0.0125215
0.0125064
0.0124914
0.0124763
0.0124613
0.0124463
0.0124313
0.0124163
0.0124014
0.0123864
0.0123715
0.0123566
0.0123417
0.0123268
0.012312
0.0122972
0.0122823
0.0122675
0.0122528
0.012238
0.0122233
0.0122085
0.0121938
0.0121791
0.0121645
0.0121498
0.0121352
0.0121206
0.012106
0.0120914
0.0120768
0.0120623
0.0120477
0.0120332
0.0120187
0.0120043
0.0119898
0.0119754
0.0119609
0.0119465
0.0119322
0.0119178
0.0119034
0.0118891
0.0118748
0.0118605
0.0118462
0.0118319
0.0118177
0.0118034
0.0117892
0.011775
0.0117608
0.0117467
0.0117325
0.0117184
0.0117043
0.0116902
0.0116761
0.0116621
0.011648
0.011634
0.01162
0.011606
0.011592
0.011578
0.0115641
0.0115502
0.0115363
0.0115224
0.0115085
0.0114946
0.0114808
0.0114669
0.0114531
0.0114393
0.0114256
0.0114118
0.011398
0.0113843
0.0113706
0.0113569
0.0113432
0.0113295
0.0113159
0.0113023
0.0112886
0.011275
0.0112615
0.0112479
0.0112343
0.0112208
0.0112073
0.0111938
0.0111803
0.0111668
0.0111534
0.01114
0.0111265
0.0111131
0.0110998
0.0110864
0.0110731
0.0110597
0.0110464
0.0110331
0.0110198
0.0110066
0.0109933
0.0109801
0.0109668
0.0109536
0.0109405
0.0109273
0.0109141
0.010901
0.0108878
0.0108747
0.0108616
0.0108485
0.0108354
0.0108224
0.0108094
0.0107964
0.0107834
0.0107704
0.0107574
0.0107444
0.0107315
0.0107185
0.0107056
0.0106927
0.0106799
0.010667
0.0106541
0.0106413
0.0106285
0.0106157
0.0106029
0.0105901
0.0105774
0.0105646
0.0105519
0.0105392
0.0105265
0.0105138
0.0105011
0.0104885
0.0104758
0.0104632
0.0104506
0.010438
0.0104255
0.0104129
0.0104004
0.0103878
0.0103753
0.0103628
0.0103504
0.0103379
0.0103254
0.010313
0.0103006
0.0102881
0.0102758
0.0102634
0.010251
0.0102387
0.0102263
0.010214
0.0102017
0.0101895
0.0101772
0.0101649
0.0101527
0.0101405
0.0101282
0.010116
0.0101038
0.0100917
0.0100795
0.0100673
0.0100552
0.0100431
0.010031
0.0100189
0.0100069
0.00999481
0.00998277
0.00997075
0.00995874
0.00994675
0.00993477
0.0099228
0.00991084
0.0098989
0.00988699
0.00987509
0.0098632
0.00985132
0.00983946
0.00982761
0.00981577
0.00980394
0.00979214
0.00978035
0.00976857
0.00975682
0.00974508
0.00973334
0.00972161
0.0097099
0.00969821
0.00968653
0.00967487
0.00966321
0.00965158
0.00963996
0.00962834
0.00961674
0.00960516
0.0095936
0.00958205
0.00957051
0.00955899
0.00954748
0.00953598
0.0095245
0.00951303
0.00950158
0.00949014
0.0094787
0.00946729
0.00945589
0.0094445
0.00943313
0.00942178
0.00941043
0.00939909
0.00938778
0.00937647
0.00936517
0.00935389
0.00934262
0.00933137
0.00932012
0.00930889
0.00929767
0.00928646
0.00927527
0.00926409
0.00925293
0.00924179
0.00923066
0.00921954
0.00920843
0.00919734
0.00918627
0.0091752
0.00916414
0.0091531
0.00914208
0.00913106
0.00912005
0.00910907
0.0090981
0.00908715
0.00907621
0.00906529
0.00905438
0.00904348
0.0090326
0.00902172
0.00901085
0.009
0.00898917
0.00897834
0.00896753
0.00895673
0.00894594
0.00893516
0.00892439
0.00891364
0.0089029
0.00889217
0.00888146
0.00887076
0.00886007
0.0088494
0.00883874
0.0088281
0.00881747
0.00880685
0.00879624
0.00878564
0.00877506
0.00876449
0.00875393
0.00874338
0.00873285
0.00872233
0.00871181
0.00870132
0.00869084
0.00868038
0.00866993
0.00865949
0.00864907
0.00863865
0.00862825
0.00861787
0.0086075
0.00859713
0.00858677
0.00857642
0.00856609
0.00855577
0.00854546
0.00853516
0.00852489
0.00851462
0.00850437
0.00849413
0.00848389
0.00847367
0.00846346
0.00845327
0.00844309
0.00843293
0.00842278
0.00841263
0.0084025
0.00839238
0.00838227
0.00837218
0.0083621
0.00835203
0.00834196
0.00833191
0.00832187
0.00831185
0.00830183
0.00829182
0.00828183
0.00827185
0.00826189
0.00825194
0.008242
0.00823207
0.00822216
0.00821225
0.00820236
0.00819248
0.00818261
0.00817276
0.00816291
0.00815308
0.00814326
0.00813344
0.00812365
0.00811388
0.00810411
0.00809435
0.00808459
0.00807485
0.00806512
0.0080554
0.0080457
0.00803601
0.00802633
0.00801666
0.00800699
0.00799734
0.00798771
0.00797809
0.00796848
0.00795888
0.00794929
0.00793971
0.00793015
0.00792059
0.00791105
0.00790152
0.007892
0.0078825
0.007873
0.00786352
0.00785404
0.00784459
0.00783514
0.0078257
0.00781628
0.00780686
0.00779746
0.00778808
0.0077787
0.00776934
0.00775998
0.00775063
0.00774129
0.00773197
0.00772266
0.00771336
0.00770407
0.00769479
0.00768552
0.00767626
0.00766702
0.00765778
0.00764855
0.00763934
0.00763012
0.00762093
0.00761174
0.00760257
0.00759342
0.00758428
0.00757515
0.00756603
0.00755692
0.00754782
0.00753873
0.00752965
0.00752058
0.00751152
0.00750247
0.00749343
0.0074844
0.00747539
0.00746639
0.0074574
0.00744841
0.00743944
0.00743049
0.00742154
0.0074126
0.00740368
0.00739477
0.00738587
0.00737697
0.00736808
0.00735921
0.00735034
0.00734148
0.00733264
0.00732381
0.007315
0.00730619
0.00729739
0.0072886
0.00727982
0.00727106
0.00726229
0.00725354
0.0072448
0.00723606
0.00722735
0.00721864
0.00720995
0.00720127
0.00719261
0.00718395
0.0071753
0.00716665
0.00715802
0.0071494
0.0071408
0.00713221
0.00712362
0.00711503
0.00710646
0.0070979
0.00708935
0.00708081
0.00707228
0.00706376
0.00705525
0.00704675
0.00703826
0.00702978
0.00702132
0.00701287
0.00700443
0.00699599
0.00698756
0.00697914
0.00697074
0.00696233
0.00695393
0.00694556
0.00693719
0.00692883
0.00692049
0.00691216
0.00690384
0.00689553
0.00688723
0.00687894
0.00687065
0.00686237
0.0068541
0.00684584
0.00683759
0.00682936
0.00682114
0.00681293
0.00680473
0.00679654
0.00678836
0.00678019
0.00677202
0.00676386
0.00675571
0.00674757
0.00673944
0.00673133
0.00672322
0.00671513
0.00670705
0.00669898
0.00669091
0.00668285
0.00667481
0.00666677
0.00665874
0.00665072
0.00664271
0.00663471
0.00662671
0.00661873
0.00661076
0.00660279
0.00659484
0.0065869
0.00657897
0.00657105
0.00656313
0.00655522
0.00654733
0.00653944
0.00653157
0.0065237
0.00651584
0.00650799
0.00650016
0.00649232
0.0064845
0.00647668
0.00646888
0.00646108
0.00645331
0.00644554
0.00643777
0.00643002
0.00642228
0.00641454
0.00640682
0.00639911
0.0063914
0.0063837
0.00637602
0.00636834
0.00636068
0.00635301
0.00634536
0.00633771
0.00633009
0.00632247
0.00631486
0.00630726
0.00629966
0.00629207
0.0062845
0.00627693
0.00626937
0.00626181
0.00625426
0.00624673
0.0062392
0.00623168
0.00622418
0.00621668
0.00620919
0.00620171
0.00619424
0.00618678
0.00617933
0.00617189
0.00616445
0.00615703
0.00614962
0.00614221
0.00613481
0.00612742
0.00612004
0.00611268
0.00610533
0.00609798
0.00609064
0.00608332
0.00607599
0.00606867
0.00606136
0.00605406
0.00604677
0.00603949
0.00603222
0.00602495
0.00601769
0.00601044
0.00600319
0.00599596
0.00598874
0.00598154
0.00597434
0.00596714
0.00595994
0.00595275
0.00594558
0.00593842
0.00593126
0.00592411
0.00591698
0.00590985
0.00590273
0.00589562
0.00588852
0.00588143
0.00587435
0.00586728
0.00586021
0.00585316
0.00584611
0.00583908
0.00583204
0.00582501
0.00581799
0.00581099
0.00580398
0.00579699
0.00579001
0.00578304
0.00577608
0.00576914
0.00576219
0.00575526
0.00574832
0.0057414
0.00573449
0.00572759
0.00572069
0.00571379
0.00570691
0.00570003
0.00569317
0.00568632
0.00567948
0.00567264
0.00566581
0.00565899
0.00565217
0.00564536
0.00563855
0.00563176
0.00562498
0.00561821
0.00561144
0.00560468
0.00559793
0.00559118
0.00558445
0.00557772
0.005571
0.00556429
0.00555758
0.00555088
0.00554418
0.0055375
0.00553083
0.00552417
0.00551751
0.00551087
0.00550424
0.0054976
0.00549098
0.00548437
0.00547777
0.00547118
0.00546458
0.005458
0.00545142
0.00544486
0.0054383
0.00543175
0.00542521
0.00541868
0.00541216
0.00540565
0.00539914
0.00539264
0.00538614
0.00537965
0.00537316
0.0053667
0.00536023
0.00535377
0.00534732
0.00534087
0.00533444
0.00532801
0.00532159
0.00531518
0.00530878
0.00530239
0.005296
0.00528962
0.00528325
0.00527688
0.00527053
0.00526418
0.00525785
0.00525153
0.00524521
0.00523889
0.00523258
0.00522627
0.00521998
0.00521369
0.0052074
0.00520113
0.00519487
0.00518861
0.00518236
0.00517611
0.00516988
0.00516365
0.00515744
0.00515122
0.00514501
0.00513881
0.00513263
0.00512645
0.00512027
0.00511411
0.00510795
0.0051018
0.00509565
0.0050895
0.00508337
0.00507726
0.00507115
0.00506505
0.00505895
0.00505286
0.00504677
0.00504069
0.00503463
0.00502856
0.0050225
0.00501646
0.00501042
0.00500439
0.00499837
0.00499236
0.00498635
0.00498035
0.00497436
0.00496838
0.0049624
0.00495643
0.00495046
0.00494451
0.00493856
0.00493262
0.00492668
0.00492074
0.00491482
0.0049089
0.00490299
0.00489708
0.00489118
0.00488529
0.0048794
0.00487353
0.00486766
0.00486181
0.00485596
0.00485011
0.00484427
0.00483843
0.0048326
0.00482678
0.00482096
0.00481516
0.00480935
0.00480356
0.00479777
0.00479199
0.00478622
0.00478045
0.0047747
0.00476895
0.00476321
0.00475748
0.00475175
0.00474603
0.00474031
0.0047346
0.00472889
0.00472319
0.00471749
0.0047118
0.00470613
0.00470046
0.0046948
0.00468914
0.0046835
0.00467786
0.00467223
0.0046666
0.00466098
0.00465537
0.00464976
0.00464416
0.00463856
0.00463297
0.00462738
0.00462181
0.00461625
0.00461068
0.00460513
0.00459959
0.00459404
0.00458851
0.004583
0.00457749
0.00457198
0.00456649
0.004561
0.00455551
0.00455003
0.00454454
0.00453907
0.00453361
0.00452815
0.0045227
0.00451725
0.00451182
0.00450639
0.00450097
0.00449555
0.00449013
0.00448473
0.00447932
0.00447392
0.00446852
0.00446313
0.00445776
0.00445238
0.00444702
0.00444166
0.00443631
0.00443097
0.00442564
0.00442031
0.00441498
0.00440967
0.00440435
0.00439904
0.00439374
0.00438844
0.00438315
0.00437787
0.00437259
0.00436732
0.00436206
0.0043568
0.00435154
0.0043463
0.00434105
0.00433582
0.0043306
0.00432538
0.00432016
0.00431495
0.00430975
0.00430456
0.00429937
0.0042942
0.00428903
0.00428385
0.00427869
0.00427354
0.0042684
0.00426325
0.00425812
0.00425298
0.00424786
0.00424274
0.00423762
0.00423251
0.0042274
0.00422231
0.00421722
0.00421214
0.00420707
0.004202
0.00419694
0.00419188
0.00418683
0.0041818
0.00417676
0.00417173
0.00416671
0.0041617
0.00415669
0.00415169
0.00414669
0.00414171
0.00413672
0.00413174
0.00412677
0.0041218
0.00411683
0.00411188
0.00410692
0.00410197
0.00409702
0.00409208
0.00408715
0.00408222
0.00407731
0.00407239
0.00406749
0.00406259
0.0040577
0.00405281
0.00404794
0.00404306
0.0040382
0.00403334
0.00402847
0.00402362
0.00401877
0.00401393
0.0040091
0.00400427
0.00399944
0.00399462
0.0039898
0.00398499
0.00398019
0.0039754
0.00397061
0.00396583
0.00396105
0.00395628
0.00395151
0.00394675
0.00394199
0.00393724
0.00393251
0.00392777
0.00392305
0.00391832
0.00391359
0.00390887
0.00390417
0.00389946
0.00389476
0.00389007
0.00388538
0.0038807
0.00387603
0.00387137
0.0038667
0.00386204
0.00385738
0.00385273
0.0038481
0.00384346
0.00383883
0.00383421
0.0038296
0.00382498
0.00382037
0.00381577
0.00381117
0.00380658
0.003802
0.00379743
0.00379286
0.00378829
0.00378372
0.00377917
0.00377461
0.00377008
0.00376554
0.00376101
0.00375649
0.00375197
0.00374746
0.00374295
0.00373844
0.00373395
0.00372946
0.00372497
0.00372049
0.00371601
0.00371153
0.00370705
0.00370258
0.00369812
0.00369368
0.00368923
0.00368479
0.00368035
0.00367591
0.00367149
0.00366707
0.00366265
0.00365825
0.00365384
0.00364944
0.00364505
0.00364067
0.00363628
0.0036319
0.00362753
0.00362317
0.0036188
0.00361445
0.00361009
0.00360573
0.00360139
0.00359705
0.00359271
0.00358837
0.00358405
0.00357973
0.00357542
0.00357112
0.00356682
0.00356253
0.00355823
0.00355395
0.00354966
0.00354539
0.00354111
0.00353684
0.00353258
0.00352833
0.00352407
0.00351983
0.00351558
0.00351134
0.00350711
0.00350289
0.00349867
0.00349445
0.00349024
0.00348605
0.00348185
0.00347767
0.00347349
0.00346931
0.00346514
0.00346097
0.0034568
0.00345264
0.00344848
0.00344433
0.00344018
0.00343603
0.00343189
0.00342776
0.00342362
0.0034195
0.00341539
0.00341127
0.00340716
0.00340306
0.00339896
0.00339487
0.00339079
0.00338671
0.00338264
0.00337857
0.0033745
0.00337045
0.0033664
0.00336236
0.00335832
0.00335429
0.00335026
0.00334623
0.0033422
0.00333818
0.00333416
0.00333015
0.00332614
0.00332214
0.00331815
0.00331415
0.00331017
0.00330618
0.00330219
0.00329821
0.00329423
0.00329026
0.00328629
0.00328233
0.00327838
0.00327444
0.0032705
0.00326657
0.00326264
0.00325871
0.00325478
0.00325086
0.00324694
0.00324303
0.00323912
0.00323522
0.00323132
0.00322743
0.00322355
0.00321967
0.00321579
0.00321192
0.00320805
0.00320419
0.00320034
0.00319649
0.00319264
0.00318879
0.00318495
0.00318111
0.00317728
0.00317345
0.00316963
0.00316581
0.00316199
0.00315818
0.00315437
0.00315057
0.00314677
0.00314298
0.00313919
0.0031354
0.00313162
0.00312784
0.00312407
0.0031203
0.00311654
0.00311278
0.00310904
0.00310529
0.00310155
0.00309782
0.00309409
0.00309037
0.00308665
0.00308293
0.00307923
0.00307551
0.00307181
0.00306812
0.00306445
0.00306077
0.00305709
0.00305342
0.00304975
0.00304608
0.00304241
0.00303875
0.00303509
0.00303143
0.00302777
0.00302412
0.00302048
0.00301685
0.00301321
0.00300959
0.00300597
0.00300235
0.00299873
0.00299512
0.00299151
0.00298792
0.00298432
0.00298073
0.00297714
0.00297356
0.00296998
0.00296641
0.00296284
0.00295927
0.00295571
0.00295215
0.0029486
0.00294505
0.0029415
0.00293796
0.00293443
0.00293091
0.00292738
0.00292386
0.00292034
0.00291684
0.00291333
0.00290981
0.00290631
0.00290281
0.00289931
0.00289583
0.00289235
0.00288886
0.00288538
0.00288191
0.00287844
0.00287498
0.00287152
0.00286806
0.00286461
0.00286116
0.00285772
0.00285427
0.00285083
0.0028474
0.00284397
0.00284056
0.00283714
0.00283373
0.00283032
0.00282691
0.0028235
0.00282009
0.00281669
0.00281329
0.0028099
0.00280651
0.00280313
0.00279975
0.00279638
0.00279302
0.00278965
0.00278629
0.00278294
0.00277959
0.00277624
0.00277289
0.00276955
0.00276621
0.00276287
0.00275954
0.00275621
0.00275289
0.00274956
0.00274625
0.00274294
0.00273964
0.00273633
0.00273304
0.00272975
0.00272646
0.00272318
0.0027199
0.00271662
0.00271335
0.00271009
0.00270683
0.00270357
0.00270032
0.00269707
0.00269382
0.00269057
0.00268732
0.00268409
0.00268086
0.00267764
0.00267442
0.0026712
0.00266799
0.00266478
0.00266156
0.00265835
0.00265515
0.00265195
0.00264876
0.00264557
0.00264238
0.0026392
0.00263602
0.00263284
0.00262966
0.00262649
0.00262333
0.00262018
0.00261702
0.00261387
0.00261073
0.00260758
0.00260444
0.0026013
0.00259817
0.00259504
0.00259192
0.0025888
0.00258568
0.00258257
0.00257946
0.00257635
0.00257326
0.00257017
0.00256708
0.002564
0.00256092
0.00255785
0.00255478
0.0025517
0.00254864
0.00254558
0.00254252
0.00253946
0.00253641
0.00253336
0.00253031
0.00252727
0.00252423
0.00252119
0.00251816
0.00251513
0.00251211
0.00250908
0.00250607
0.00250306
0.00250004
0.00249704
0.00249404
0.00249104
0.00248804
0.00248505
0.00248207
0.00247908
0.00247609
0.00247311
0.00247013
0.00246716
0.00246419
0.00246122
0.00245825
0.00245529
0.00245233
0.00244938
0.00244643
0.00244348
0.00244054
0.00243761
0.00243468
0.00243175
0.00242883
0.00242591
0.00242298
0.00242007
0.00241716
0.00241425
0.00241134
0.00240844
0.00240553
0.00240262
0.00239972
0.00239683
0.00239395
0.00239107
0.0023882
0.00238532
0.00238245
0.00237958
0.00237671
0.00237385
0.00237099
0.00236813
0.00236527
0.00236242
0.00235956
0.00235671
0.00235386
0.00235101
0.00234817
0.00234535
0.00234253
0.0023397
0.00233688
0.00233406
0.00233125
0.00232844
0.00232563
0.00232283
0.00232003
0.00231723
0.00231444
0.00231164
0.00230887
0.00230609
0.00230332
0.00230055
0.00229778
0.00229501
0.00229225
0.00228949
0.00228674
0.00228398
0.00228123
0.00227848
0.00227574
0.00227299
0.00227025
0.00226752
0.00226479
0.00226206
0.00225933
0.00225661
0.00225389
0.00225118
0.00224847
0.00224577
0.00224307
0.00224037
0.00223768
0.00223499
0.0022323
0.00222961
0.00222692
0.00222424
0.00222156
0.00221889
0.00221622
0.00221356
0.0022109
0.00220825
0.00220559
0.00220293
0.00220029
0.00219764
0.00219499
0.00219235
0.00218971
0.00218707
0.00218444
0.00218181
0.00217918
0.00217656
0.00217394
0.00217133
0.00216872
0.00216612
0.00216352
0.00216092
0.00215832
0.00215572
0.00215313
0.00215054
0.00214795
0.00214536
0.00214278
0.00214021
0.00213765
0.00213508
0.00213251
0.00212995
0.00212739
0.00212484
0.00212228
0.00211973
0.00211718
0.00211463
0.00211209
0.00210956
0.00210703
0.0021045
0.00210197
0.00209944
0.00209691
0.00209438
0.00209186
0.00208934
0.00208682
0.0020843
0.00208179
0.00207928
0.00207679
0.00207429
0.0020718
0.00206931
0.00206682
0.00206434
0.00206185
0.00205937
0.00205689
0.00205442
0.00205194
0.00204947
0.002047
0.00204453
0.00204207
0.00203961
0.00203716
0.00203471
0.00203226
0.00202982
0.00202737
0.00202494
0.0020225
0.00202006
0.00201763
0.0020152
0.00201277
0.00201034
0.00200793
0.00200551
0.00200309
0.00200067
0.00199826
0.00199586
0.00199346
0.00199106
0.00198866
0.00198625
0.00198386
0.00198146
0.00197908
0.0019767
0.00197432
0.00197196
0.00196959
0.00196722
0.00196485
0.00196248
0.00196011
0.00195775
0.00195538
0.00195303
0.00195067
0.00194832
0.00194597
0.00194362
0.00194127
0.00193893
0.00193659
0.00193425
0.00193191
0.00192958
0.00192725
0.00192492
0.0019226
0.00192029
0.00191798
0.00191567
0.00191336
0.00191105
0.00190875
0.00190646
0.00190416
0.00190187
0.00189958
0.0018973
0.00189501
0.00189273
0.00189046
0.00188818
0.00188592
0.00188365
0.00188138
0.00187911
0.00187685
0.0018746
0.00187235
0.0018701
0.00186785
0.0018656
0.00186335
0.00186111
0.00185887
0.00185663
0.00185439
0.00185215
0.00184992
0.00184769
0.00184547
0.00184324
0.00184102
0.0018388
0.00183659
0.00183438
0.00183217
0.00182998
0.00182778
0.00182558
0.00182338
0.00182119
0.001819
0.00181681
0.00181462
0.00181244
0.00181025
0.00180807
0.00180589
0.00180371
0.00180154
0.00179938
0.00179723
0.00179507
0.00179291
0.00179076
0.0017886
0.00178645
0.00178431
0.00178216
0.00178002
0.00177788
0.00177574
0.0017736
0.00177147
0.00176934
0.00176721
0.00176509
0.00176297
0.00176085
0.00175873
0.00175661
0.0017545
0.00175239
0.00175028
0.00174818
0.00174609
0.00174399
0.00174189
0.0017398
0.00173772
0.00173564
0.00173355
0.00173147
0.00172939
0.00172732
0.00172525
0.00172318
0.00172111
0.00171904
0.00171698
0.00171492
0.00171285
0.0017108
0.00170874
0.00170669
0.00170464
0.00170261
0.00170057
0.00169853
0.00169649
0.00169445
0.00169241
0.00169037
0.00168834
0.00168632
0.0016843
0.00168228
0.00168025
0.00167824
0.00167622
0.00167421
0.00167219
0.00167018
0.00166816
0.00166616
0.00166415
0.00166215
0.00166015
0.00165815
0.00165616
0.00165418
0.0016522
0.0016502
0.00164821
0.00164622
0.00164424
0.00164226
0.00164029
0.00163832
0.00163635
0.00163439
0.00163242
0.00163046
0.00162849
0.00162652
0.00162456
0.00162261
0.00162066
0.00161872
0.00161677
0.00161484
0.0016129
0.00161095
0.00160901
0.00160707
0.00160514
0.0016032
0.00160126
0.00159932
0.00159739
0.00159547
0.00159355
0.00159165
0.00158974
0.00158782
0.00158591
0.001584
0.00158209
0.00158018
0.00157828
0.00157638
0.00157447
0.00157257
0.00157068
0.00156879
0.00156691
0.00156502
0.00156312
0.00156122
0.00155934
0.00155746
0.00155558
0.0015537
0.00155183
0.00154996
0.00154809
0.00154623
0.00154437
0.0015425
0.00154064
0.00153878
0.00153693
0.00153507
0.00153322
0.00153137
0.00152952
0.00152766
0.00152582
0.00152398
0.00152214
0.0015203
0.00151846
0.00151662
0.00151479
0.00151297
0.00151115
0.00150933
0.00150751
0.00150568
0.00150387
0.00150205
0.00150024
0.00149843
0.00149662
0.0014948
0.001493
0.0014912
0.00148941
0.00148763
0.00148584
0.00148405
0.00148227
0.00148049
0.00147871
0.00147693
0.00147516
0.00147338
0.00147161
0.00146984
0.00146808
0.00146632
0.00146456
0.0014628
0.00146105
0.0014593
0.00145754
0.00145578
0.00145402
0.00145226
0.00145051
0.00144877
0.00144702
0.00144528
0.00144354
0.00144181
0.00144008
0.00143835
0.00143662
0.00143489
0.00143316
0.00143143
0.00142971
0.00142798
0.00142626
0.00142454
0.00142282
0.0014211
0.00141939
0.00141768
0.00141597
0.00141427
0.00141258
0.00141088
0.00140918
0.00140749
0.0014058
0.0014041
0.00140241
0.00140073
0.00139904
0.00139735
0.00139567
0.00139399
0.00139232
0.00139065
0.00138899
0.00138732
0.00138565
0.00138398
0.00138232
0.00138067
0.00137902
0.00137736
0.00137571
0.00137406
0.00137241
0.00137077
0.00136913
0.00136749
0.00136585
0.00136421
0.00136256
0.00136092
0.00135929
0.00135765
0.00135601
0.00135438
0.00135275
0.00135112
0.00134949
0.00134786
0.00134624
0.00134462
0.001343
0.00134138
0.00133977
0.00133816
0.00133655
0.00133494
0.00133333
0.00133173
0.00133013
0.00132854
0.00132695
0.00132536
0.00132378
0.00132221
0.00132063
0.00131904
0.00131746
0.00131588
0.0013143
0.00131274
0.00131116
0.00130958
0.00130801
0.00130645
0.00130488
0.00130332
0.00130175
0.00130019
0.00129863
0.00129708
0.00129552
0.00129396
0.00129241
0.00129086
0.00128931
0.00128777
0.00128623
0.00128469
0.00128315
0.00128161
0.00128007
0.00127854
0.00127701
0.00127548
0.00127396
0.00127242
0.0012709
0.00126937
0.00126785
0.00126632
0.0012648
0.00126329
0.00126179
0.00126028
0.00125876
0.00125724
0.00125573
0.00125423
0.00125272
0.00125122
0.00124971
0.0012482
0.00124671
0.00124521
0.00124372
0.00124223
0.00124073
0.00123924
0.00123776
0.00123627
0.00123478
0.0012333
0.00123182
0.00123034
0.00122886
0.00122738
0.0012259
0.00122442
0.00122295
0.00122149
0.00122003
0.00121857
0.0012171
0.00121564
0.00121417
0.0012127
0.00121125
0.00120979
0.00120834
0.00120689
0.00120544
0.00120399
0.00120254
0.00120109
0.00119966
0.00119822
0.00119678
0.00119534
0.00119389
0.00119246
0.00119102
0.00118959
0.00118817
0.00118674
0.0011853
0.00118386
0.00118243
0.001181
0.00117958
0.00117816
0.00117674
0.00117533
0.00117391
0.0011725
0.00117109
0.00116967
0.00116826
0.00116685
0.00116544
0.00116403
0.00116263
0.00116123
0.00115984
0.00115844
0.00115705
0.00115566
0.00115426
0.00115287
0.00115149
0.0011501
0.00114872
0.00114733
0.00114594
0.00114456
0.00114319
0.00114182
0.00114045
0.00113907
0.0011377
0.00113632
0.00113494
0.00113357
0.0011322
0.00113084
0.00112948
0.00112812
0.00112676
0.0011254
0.00112403
0.00112268
0.00112133
0.00111997
0.00111861
0.00111725
0.0011159
0.00111456
0.00111322
0.00111188
0.00111055
0.00110921
0.00110787
0.00110653
0.00110519
0.00110386
0.00110253
0.00110121
0.00109988
0.00109856
0.00109723
0.00109591
0.0010946
0.00109329
0.00109197
0.00109065
0.00108933
0.00108802
0.00108671
0.00108541
0.0010841
0.00108279
0.00108148
0.00108019
0.00107888
0.00107758
0.00107629
0.00107499
0.0010737
0.0010724
0.00107112
0.00106983
0.00106855
0.00106727
0.00106598
0.0010647
0.00106341
0.00106212
0.00106085
0.00105957
0.00105829
0.00105702
0.00105575
0.00105449
0.00105323
0.00105196
0.00105069
0.00104943
0.00104816
0.0010469
0.00104564
0.00104439
0.00104313
0.00104188
0.00104062
0.00103937
0.00103811
0.00103686
0.00103562
0.00103437
0.00103312
0.00103188
0.00103064
0.0010294
0.00102816
0.00102693
0.0010257
0.00102446
0.00102322
0.00102199
0.00102077
0.00101954
0.00101832
0.0010171
0.00101587
0.00101465
0.00101343
0.00101221
0.001011
0.00100979
0.00100858
0.00100738
0.00100617
0.00100496
0.00100375
0.00100255
0.00100134
0.00100014
0.000998929
0.000997726
0.000996517
0.000995307
0.000994109
0.000992913
0.000991718
0.000990529
0.00098934
0.00098815
0.000986962
0.000985781
0.0009846
0.000983425
0.000982245
0.000981055
0.000979873
0.000978697
0.000977519
0.000976346
0.000975167
0.000973982
0.000972811
0.000971645
0.000970474
0.000969309
0.000968145
0.000966977
0.00096582
0.000964667
0.000963513
0.000962369
0.000961226
0.00096008
0.000958931
0.00095778
0.000956629
0.000955475
0.000954319
0.000953171
0.000952023
0.000950877
0.000949741
0.0009486
0.00094746
0.000946331
0.000945198
0.000944062
0.000942929
0.000941793
0.000940667
0.000939539
0.000938408
0.000937288
0.000936169
0.000935046
0.000933925
0.000932801
0.000931685
0.000930575
0.000929464
0.000928353
0.000927244
0.000926136
0.000925024
0.000923914
0.000922805
0.0009217
0.000920599
0.000919491
0.00091839
0.000917295
0.000916204
0.000915115
0.000914023
0.000912932
0.00091184
0.000910748
0.000909657
0.000908565
0.000907478
0.000906393
0.000905306
0.000904221
0.000903149
0.000902076
0.000901001
0.000899928
0.000898853
0.000897772
0.000896697
0.000895627
0.000894555
0.000893489
0.000892426
0.00089136
0.000890299
0.000889242
0.00088818
0.000887118
0.000886056
0.000884994
0.000883936
0.000882879
0.000881824
0.000880768
0.000879714
0.000878666
0.000877617
0.000876565
0.000875515
0.00087447
0.000873428
0.000872385
0.00087134
0.000870298
0.000869257
0.00086822
0.000867184
0.000866144
0.000865103
0.00086406
0.000863019
0.000861986
0.000860953
0.00085992
0.000858895
0.000857867
0.000856839
0.000855815
0.000854787
0.000853759
0.000852734
0.000851711
0.00085069
0.000849669
0.000848652
0.000847638
0.000846632
0.000845627
0.000844615
0.000843604
0.000842595
0.000841587
0.000840579
0.000839569
0.000838559
0.000837549
0.000836543
0.000835539
0.000834532
0.00083353
0.000832528
0.00083152
0.000830518
0.000829525
0.000828529
0.000827537
0.000826548
0.000825557
0.000824576
0.00082359
0.000822593
0.000821606
0.000820626
0.000819645
0.000818667
0.000817684
0.000816696
0.000815714
0.000814741
0.000813764
0.000812792
0.000811826
0.000810847
0.000809869
0.000808899
0.000807931
0.000806968
0.000806005
0.000805035
0.000804066
0.0008031
0.000802134
0.000801173
0.000800211
0.000799247
0.000798285
0.000797326
0.000796367
0.000795409
0.000794449
0.000793487
0.000792537
0.000791588
0.000790635
0.000789692
0.000788751
0.0007878
0.000786849
0.000785898
0.000784943
0.000783992
0.000783047
0.000782103
0.000781155
0.000780213
0.000779276
0.000778336
0.000777403
0.00077647
0.00077553
0.0007746
0.000773674
0.000772744
0.000771814
0.000770883
0.000769952
0.000769026
0.000768106
0.000767184
0.000766261
0.000765341
0.000764418
0.0007635
0.000762579
0.000761656
0.000760738
0.000759826
0.000758914
0.000757998
0.000757087
0.000756176
0.000755264
0.000754351
0.000753444
0.000752539
0.000751628
0.000750719
0.000749816
0.000748916
0.000748017
0.000747114
0.00074621
0.000745306
0.000744406
0.000743507
0.000742611
0.000741717
0.000740824
0.000739932
0.000739042
0.000738153
0.000737262
0.000736371
0.000735483
0.000734601
0.000733715
0.000732824
0.00073194
0.000731055
0.000730169
0.000729294
0.000728425
0.000727548
0.000726671
0.000725797
0.000724915
0.000724032
0.000723155
0.000722279
0.000721404
0.000720532
0.00071966
0.000718795
0.000717931
0.00071706
0.000716199
0.000715343
0.000714471
0.000713606
0.000712743
0.000711869
0.000711008
0.000710149
0.000709286
0.00070844
0.000707597
0.000706742
0.000705884
0.000705033
0.000704179
0.000703321
0.000702467
0.000701618
0.000700773
0.000699935
0.000699102
0.000698268
0.000697427
0.000696579
0.000695739
0.000694904
0.000694065
0.00069323
0.0006924
0.000691562
0.000690731
0.000689909
0.000689079
0.000688246
0.000687425
0.000686609
0.000685786
0.000684964
0.00068414
0.000683323
0.000682513
0.000681698
0.000680876
0.000680058
0.000679243
0.000678425
0.00067761
0.000676802
0.000675988
0.000675172
0.000674367
0.000673554
0.000672736
0.000671925
0.000671116
0.000670308
0.000669503
0.000668697
0.000667883
0.000667078
0.000666282
0.000665477
0.000664665
0.000663862
0.000663064
0.000662263
0.000661458
0.000660657
0.000659861
0.000659066
0.000658272
0.000657475
0.000656684
0.000655895
0.000655107
0.000654326
0.000653545
0.000652756
0.000651973
0.000651203
0.000650424
0.00064964
0.000648865
0.000648087
0.000647312
0.00064654
0.000645768
0.000644997
0.000644227
0.000643451
0.000642679
0.000641914
0.000641146
0.000640374
0.000639605
0.000638842
0.000638078
0.000637315
0.000636553
0.000635794
0.000635037
0.000634277
0.000633521
0.000632766
0.000632006
0.00063125
0.000630496
0.000629738
0.000628987
0.000628235
0.000627477
0.000626723
0.000625979
0.000625236
0.000624492
0.000623747
0.000623
0.000622251
0.000621506
0.000620767
0.000620022
0.000619266
0.000618517
0.000617774
0.000617023
0.000616277
0.00061554
0.000614804
0.000614071
0.000613335
0.000612597
0.000611868
0.000611143
0.000610418
0.000609692
0.000608967
0.000608245
0.000607523
0.0006068
0.000606076
0.000605351
0.000604627
0.000603908
0.00060318
0.000602449
0.000601731
0.00060101
0.000600289
0.000599578
0.000598861
0.000598137
0.000597418
0.000596705
0.000595992
0.000595281
0.000594571
0.000593856
0.000593147
0.000592434
0.000591721
0.000591014
0.000590302
0.000589586
0.000588881
0.000588174
0.000587456
0.000586749
0.000586041
0.000585328
0.000584628
0.000583929
0.000583227
0.000582534
0.000581837
0.00058113
0.000580435
0.00057975
0.000579058
0.000578364
0.000577678
0.000576988
0.000576292
0.0005756
0.000574904
0.000574206
0.000573517
0.000572826
0.000572131
0.000571442
0.000570753
0.000570062
0.000569381
0.000568701
0.00056802
0.000567343
0.000566674
0.000566003
0.000565326
0.000564649
0.000563977
0.000563304
0.000562627
0.000561957
0.000561282
0.000560605
0.000559938
0.000559266
0.000558585
0.000557917
0.000557244
0.000556567
0.00055591
0.000555251
0.00055458
0.000553915
0.000553252
0.000552591
0.000551941
0.000551285
0.000550622
0.000549965
0.000549312
0.000548653
0.000547997
0.000547349
0.000546702
0.000546056
0.000545413
0.000544768
0.000544125
0.000543478
0.000542829
0.000542181
0.000541529
0.000540877
0.000540229
0.000539586
0.000538943
0.000538296
0.000537654
0.000537017
0.000536376
0.000535733
0.000535086
0.000534448
0.000533811
0.000533165
0.000532531
0.000531894
0.00053125
0.000530614
0.00052998
0.000529352
0.000528725
0.000528093
0.000527472
0.000526853
0.000526237
0.000525611
0.000524977
0.000524355
0.000523742
0.000523126
0.000522509
0.000521895
0.000521277
0.000520657
0.000520043
0.000519436
0.000518826
0.000518215
0.000517607
0.000517001
0.000516389
0.000515775
0.000515169
0.000514558
0.000513949
0.000513345
0.000512738
0.000512135
0.000511536
0.000510935
0.000510331
0.000509726
0.000509121
0.000508517
0.000507916
0.000507316
0.000506714
0.000506113
0.000505512
0.000504915
0.000504322
0.000503726
0.000503136
0.00050255
0.000501957
0.000501362
0.000500768
0.00050017
0.000499576
0.000498991
0.000498403
0.000497813
0.000497223
0.000496636
0.000496052
0.000495469
0.000494891
0.000494306
0.00049371
0.000493121
0.000492537
0.00049195
0.000491363
0.000490781
0.0004902
0.000489619
0.000489035
0.000488449
0.000487868
0.000487295
0.000486726
0.000486153
0.000485582
0.000485007
0.00048443
0.000483855
0.00048328
0.000482705
0.000482132
0.000481562
0.000480988
0.000480418
0.000479856
0.000479289
0.000478726
0.000478168
0.000477603
0.000477041
0.000476476
0.000475907
0.000475344
0.000474782
0.000474219
0.000473658
0.000473098
0.000472536
0.000471975
0.00047142
0.000470864
0.000470311
0.000469758
0.000469197
0.000468639
0.000468083
0.000467525
0.00046697
0.000466418
0.000465862
0.00046531
0.000464759
0.000464204
0.000463652
0.0004631
0.000462546
0.000461996
0.000461452
0.000460911
0.000460365
0.000459828
0.000459293
0.00045875
0.000458209
0.000457669
0.000457122
0.000456578
0.000456038
0.000455492
0.000454943
0.000454397
0.000453852
0.000453311
0.000452775
0.000452238
0.000451698
0.000451166
0.000450638
0.000450104
0.000449571
0.000449036
0.000448501
0.000447964
0.000447425
0.000446897
0.000446369
0.000445839
0.000445316
0.000444788
0.000444264
0.000443745
0.000443219
0.000442699
0.000442185
0.000441663
0.000441146
0.000440634
0.000440115
0.000439598
0.000439084
0.000438566
0.000438043
0.000437519
0.000436996
0.000436474
0.000435953
0.000435434
0.000434918
0.000434401
0.000433888
0.000433376
0.000432866
0.000432356
0.000431849
0.000431339
0.000430831
0.000430328
0.000429813
0.000429293
0.000428779
0.000428268
0.000427758
0.000427249
0.000426743
0.000426239
0.00042574
0.000425236
0.000424728
0.000424225
0.000423717
0.000423209
0.000422706
0.000422199
0.000421688
0.000421178
0.000420671
0.000420169
0.000419666
0.000419164
0.00041866
0.000418158
0.000417663
0.000417164
0.000416665
0.000416171
0.000415673
0.000415177
0.000414688
0.000414192
0.000413695
0.000413199
0.000412703
0.000412209
0.000411718
0.000411228
0.000410731
0.000410229
0.000409732
0.000409236
0.000408741
0.00040825
0.000407759
0.000407272
0.000406791
0.000406306
0.000405825
0.000405349
0.000404867
0.00040438
0.000403896
0.00040341
0.000402923
0.000402444
0.000401962
0.000401482
0.000401001
0.000400514
0.000400032
0.000399553
0.000399075
0.000398601
0.000398124
0.000397645
0.000397166
0.00039669
0.000396218
0.000395745
0.000395268
0.000394786
0.000394306
0.00039383
0.000393355
0.000392883
0.000392415
0.000391947
0.00039148
0.000391012
0.000390541
0.000390075
0.000389615
0.000389146
0.000388673
0.000388209
0.000387744
0.00038728
0.000386817
0.000386352
0.000385892
0.000385429
0.000384964
0.000384503
0.00038404
0.000383577
0.000383115
0.00038265
0.000382188
0.000381733
0.000381276
0.00038082
0.000380367
0.000379904
0.000379445
0.000379001
0.000378547
0.000378085
0.000377629
0.000377175
0.000376721
0.000376268
0.000375815
0.000375359
0.000374902
0.000374445
0.000373992
0.000373537
0.000373083
0.000372637
0.000372192
0.000371748
0.0003713
0.000370854
0.000370418
0.000369974
0.00036953
0.000369087
0.000368641
0.000368196
0.000367756
0.000367312
0.000366865
0.000366428
0.000365984
0.00036554
0.000365105
0.000364666
0.000364228
0.000363794
0.000363359
0.000362928
0.000362495
0.00036206
0.000361628
0.000361205
0.000360779
0.000360352
0.000359922
0.000359487
0.000359057
0.000358631
0.000358205
0.000357779
0.000357346
0.00035691
0.000356481
0.000356054
0.000355626
0.0003552
0.000354768
0.000354336
0.000353905
0.000353478
0.000353063
0.000352649
0.000352229
0.000351815
0.000351399
0.000350981
0.000350569
0.000350151
0.000349725
0.000349302
0.000348882
0.00034846
0.000348038
0.000347616
0.000347193
0.000346771
0.000346354
0.000345938
0.000345525
0.000345106
0.000344682
0.000344262
0.000343839
0.000343422
0.000343014
0.0003426
0.000342185
0.000341776
0.000341364
0.00034095
0.000340532
0.000340113
0.000339696
0.00033928
0.000338869
0.000338462
0.000338054
0.000337645
0.000337237
0.000336824
0.000336413
0.000336011
0.000335609
0.000335203
0.0003348
0.000334391
0.000333985
0.000333588
0.000333185
0.000332783
0.000332381
0.000331974
0.000331568
0.000331162
0.000330753
0.000330347
0.000329938
0.000329531
0.000329125
0.000328722
0.000328327
0.000327931
0.000327538
0.000327137
0.000326731
0.000326336
0.000325944
0.000325543
0.000325142
0.000324744
0.000324341
0.00032394
0.000323543
0.000323143
0.000322739
0.000322336
0.000321935
0.000321537
0.000321141
0.000320742
0.000320347
0.000319951
0.000319551
0.000319159
0.000318775
0.000318388
0.000318003
0.000317624
0.00031724
0.000316854
0.000316469
0.000316082
0.000315695
0.000315311
0.000314919
0.000314523
0.000314132
0.000313738
0.000313346
0.000312957
0.00031257
0.000312188
0.000311804
0.000311414
0.000311035
0.000310661
0.00031028
0.000309903
0.000309525
0.000309147
0.000308777
0.000308403
0.000308024
0.000307648
0.000307273
0.000306904
0.000306534
0.000306154
0.000305771
0.000305397
0.000305025
0.000304651
0.000304281
0.000303913
0.000303544
0.000303179
0.000302817
0.000302448
0.000302081
0.000301713
0.000301341
0.000300976
0.000300614
0.00030025
0.000299883
0.000299527
0.000299175
0.00029881
0.000298442
0.000298072
0.000297703
0.000297349
0.000296995
0.000296626
0.000296265
0.000295917
0.000295566
0.000295212
0.000294857
0.000294501
0.000294157
0.000293813
0.00029346
0.0002931
0.000292738
0.000292381
0.000292027
0.000291679
0.000291329
0.000290979
0.000290631
0.000290282
0.000289934
0.00028959
0.000289239
0.000288892
0.000288554
0.000288206
0.000287856
0.000287517
0.000287171
0.000286824
0.00028649
0.000286155
0.000285818
0.000285479
0.000285133
0.000284795
0.000284464
0.000284122
0.000283779
0.000283436
0.000283084
0.000282744
0.000282414
0.00028207
0.000281726
0.000281392
0.000281051
0.000280717
0.000280394
0.000280061
0.000279726
0.000279393
0.000279057
0.000278732
0.000278409
0.000278076
0.000277743
0.000277414
0.000277085
0.000276761
0.000276439
0.00027611
0.000275781
0.000275459
0.000275139
0.00027482
0.000274503
0.000274181
0.000273859
0.000273538
0.000273214
0.000272891
0.000272569
0.000272247
0.000271932
0.000271623
0.000271305
0.000270985
0.000270672
0.000270353
0.000270033
0.000269721
0.000269405
0.000269084
0.000268767
0.000268444
0.000268118
0.000267805
0.000267491
0.000267165
0.000266849
0.000266539
0.000266228
0.00026592
0.000265607
0.000265293
0.000264983
0.000264672
0.000264358
0.000264046
0.000263738
0.000263432
0.000263127
0.00026282
0.00026251
0.000262196
0.000261886
0.000261584
0.000261279
0.000260966
0.000260652
0.000260345
0.000260041
0.000259737
0.000259433
0.000259119
0.000258806
0.000258501
0.000258196
0.000257886
0.000257576
0.000257269
0.000256966
0.000256664
0.000256356
0.000256042
0.000255734
0.000255433
0.000255131
0.000254824
0.000254518
0.000254223
0.00025392
0.000253612
0.000253313
0.000253014
0.000252713
0.00025241
0.00025211
0.000251815
0.000251515
0.000251215
0.000250917
0.000250617
0.000250322
0.000250031
0.000249733
0.000249427
0.000249122
0.000248827
0.000248529
0.000248231
0.000247947
0.000247656
0.000247352
0.000247048
0.000246751
0.000246458
0.000246164
0.000245871
0.000245584
0.000245298
0.000245005
0.000244715
0.000244428
0.000244134
0.000243847
0.000243566
0.000243276
0.000242983
0.000242694
0.000242408
0.000242124
0.000241836
0.000241545
0.000241254
0.000240966
0.000240678
0.000240391
0.000240105
0.000239816
0.000239526
0.000239238
0.000238949
0.000238664
0.000238389
0.000238104
0.000237814
0.000237524
0.000237227
0.000236936
0.000236651
0.000236365
0.000236081
0.000235794
0.000235505
0.000235224
0.00023494
0.000234656
0.000234378
0.000234097
0.00023382
0.000233551
0.000233275
0.000232991
0.000232707
0.000232425
0.000232148
0.00023187
0.000231599
0.000231335
0.000231055
0.000230769
0.000230494
0.00023023
0.000229967
0.000229698
0.00022942
0.000229142
0.000228868
0.000228596
0.000228328
0.000228057
0.000227788
0.000227518
0.000227245
0.000226977
0.000226711
0.000226443
0.000226174
0.000225909
0.000225639
0.000225373
0.000225114
0.000224845
0.000224573
0.000224306
0.000224043
0.000223786
0.000223525
0.000223255
0.000222989
0.000222732
0.000222469
0.000222199
0.000221934
0.000221676
0.000221416
0.000221153
0.000220891
0.000220629
0.000220368
0.00022011
0.000219854
0.000219602
0.00021935
0.000219089
0.000218827
0.000218567
0.000218309
0.000218055
0.000217798
0.000217534
0.000217276
0.000217026
0.000216775
0.000216516
0.000216257
0.000216001
0.000215743
0.000215489
0.000215232
0.000214973
0.000214719
0.000214465
0.000214206
0.00021395
0.000213704
0.000213452
0.000213197
0.000212946
0.000212698
0.000212449
0.000212202
0.000211954
0.000211696
0.000211437
0.000211188
0.000210939
0.000210685
0.000210437
0.000210186
0.000209935
0.000209689
0.000209446
0.000209203
0.000208957
0.000208713
0.000208477
0.00020823
0.000207973
0.000207727
0.000207483
0.000207234
0.000206985
0.000206738
0.000206498
0.000206257
0.000206003
0.000205756
0.000205519
0.000205281
0.000205041
0.000204799
0.000204559
0.000204319
0.000204076
0.000203834
0.000203592
0.000203345
0.000203098
0.000202854
0.00020261
0.000202371
0.00020214
0.000201896
0.000201648
0.000201411
0.000201177
0.000200949
0.000200726
0.000200489
0.000200246
0.000200008
0.000199776
0.000199543
0.000199307
0.000199071
0.000198829
0.000198592
0.000198368
0.000198135
0.0001979
0.000197676
0.000197447
0.00019721
0.000196976
0.000196746
0.000196518
0.000196299
0.00019608
0.000195855
0.000195632
0.000195411
0.000195186
0.000194962
0.000194736
0.000194508
0.000194281
0.000194061
0.000193839
0.000193612
0.00019339
0.000193174
0.00019295
0.000192723
0.000192504
0.000192288
0.000192074
0.000191859
0.000191638
0.000191417
0.000191199
0.000190981
0.000190759
0.000190533
0.000190311
0.000190094
0.000189879
0.000189658
0.000189431
0.000189209
0.000188987
0.000188764
0.000188547
0.000188331
0.000188117
0.000187906
0.000187696
0.000187487
0.00018728
0.000187068
0.000186847
0.000186632
0.000186421
0.000186207
0.000185992
0.00018577
0.000185548
0.000185339
0.000185127
0.000184903
0.000184685
0.000184471
0.000184253
0.000184038
0.00018383
0.000183617
0.000183402
0.000183189
0.000182978
0.00018277
0.000182556
0.000182344
0.000182131
0.000181914
0.000181705
0.000181499
0.000181285
0.00018107
0.000180862
0.00018065
0.000180441
0.000180232
0.000180018
0.000179809
0.000179603
0.000179388
0.000179178
0.000178971
0.000178762
0.000178557
0.000178356
0.000178151
0.000177945
0.000177738
0.000177529
0.000177319
0.000177103
0.000176888
0.000176677
0.000176467
0.000176262
0.000176062
0.000175853
0.000175639
0.000175433
0.000175226
0.000175023
0.000174826
0.00017462
0.000174409
0.000174212
0.000174015
0.000173815
0.000173613
0.000173402
0.000173197
0.000172997
0.000172788
0.000172582
0.000172375
0.000172164
0.00017196
0.000171757
0.000171549
0.000171348
0.000171152
0.00017095
0.000170743
0.000170536
0.000170331
0.000170127
0.000169927
0.000169726
0.000169528
0.000169335
0.00016914
0.000168937
0.000168734
0.000168536
0.000168331
0.000168123
0.000167921
0.000167719
0.000167521
0.000167318
0.00016711
0.000166911
0.000166713
0.000166518
0.000166327
0.000166126
0.000165925
0.000165732
0.000165534
0.000165331
0.000165126
0.000164926
0.000164727
0.000164529
0.000164333
0.000164139
0.000163942
0.000163744
0.000163548
0.000163356
0.000163167
0.000162972
0.000162773
0.000162577
0.000162385
0.000162192
0.000161994
0.000161798
0.000161603
0.000161413
0.00016122
0.000161024
0.000160829
0.000160632
0.000160436
0.000160253
0.000160064
0.000159862
0.00015967
0.00015948
0.000159289
0.000159101
0.000158911
0.000158718
0.000158531
0.000158348
0.000158162
0.000157973
0.000157778
0.000157585
0.000157399
0.000157213
0.000157027
0.000156836
0.000156645
0.000156462
0.000156278
0.000156095
0.000155909
0.000155721
0.000155537
0.000155351
0.000155165
0.000154979
0.000154791
0.000154606
0.000154422
0.000154241
0.000154062
0.000153878
0.000153697
0.000153507
0.000153317
0.000153138
0.000152956
0.000152768
0.000152584
0.000152398
0.000152202
0.000152015
0.000151829
0.000151643
0.000151468
0.00015129
0.000151108
0.000150936
0.000150754
0.000150572
0.000150399
0.000150214
0.00015003
0.000149857
0.000149675
0.000149499
0.000149334
0.000149154
0.000148964
0.000148794
0.000148624
0.000148444
0.000148274
0.000148096
0.000147912
0.000147742
0.000147574
0.000147405
0.000147237
0.000147059
0.000146878
0.000146706
0.000146539
0.000146372
0.000146205
0.000146033
0.000145855
0.000145688
0.000145526
0.000145364
0.000145197
0.000145021
0.000144849
0.000144687
0.000144522
0.000144358
0.000144193
0.000144025
0.000143859
0.000143698
0.000143539
0.000143381
0.000143214
0.000143043
0.000142878
0.000142713
0.000142541
0.000142375
0.00014221
0.00014204
0.000141876
0.000141711
0.000141544
0.000141387
0.00014122
0.000141047
0.000140885
0.000140718
0.000140548
0.000140391
0.000140228
0.000140055
0.000139892
0.000139728
0.000139561
0.000139404
0.00013924
0.000139067
0.000138906
0.000138747
0.000138584
0.000138433
0.000138269
0.000138101
0.000137955
0.000137795
0.000137624
0.000137469
0.000137313
0.00013715
0.000136999
0.00013685
0.000136695
0.000136546
0.000136396
0.000136245
0.000136099
0.000135951
0.0001358
0.000135653
0.00013551
0.000135363
0.00013521
0.00013506
0.000134916
0.000134768
0.00013462
0.000134479
0.000134335
0.000134186
0.000134045
0.000133908
0.000133767
0.000133615
0.000133465
0.000133323
0.000133177
0.000133028
0.000132882
0.00013273
0.000132583
0.000132438
0.000132284
0.000132135
0.000131991
0.000131844
0.000131697
0.000131549
0.000131398
0.00013125
0.000131101
0.000130953
0.000130802
0.000130643
0.000130492
0.000130343
0.000130185
0.000130029
0.000129876
0.000129727
0.00012958
0.000129425
0.000129273
0.000129127
0.000128978
0.000128837
0.000128695
0.000128546
0.000128408
0.000128262
0.000128107
0.000127959
0.000127804
0.000127648
0.000127502
0.000127348
0.000127194
0.000127053
0.000126913
0.000126771
0.000126625
0.000126477
0.000126327
0.000126178
0.00012604
0.000125893
0.000125741
0.000125605
0.000125462
0.000125309
0.000125166
0.000125024
0.000124878
0.000124733
0.00012459
0.000124447
0.000124292
0.000124142
0.000124001
0.000123855
0.000123715
0.000123573
0.00012343
0.0001233
0.000123157
0.000123005
0.000122869
0.000122728
0.000122583
0.000122449
0.000122313
0.000122178
0.000122045
0.000121904
0.000121765
0.000121632
0.000121494
0.000121356
0.00012122
0.000121079
0.000120945
0.000120815
0.000120685
0.000120556
0.00012043
0.000120301
0.000120175
0.000120056
0.000119939
0.00011982
0.000119699
0.000119577
0.000119452
0.000119326
0.000119202
0.000119073
0.00011894
0.000118812
0.000118688
0.000118557
0.000118426
0.000118294
0.000118157
0.000118027
0.000117895
0.000117756
0.000117624
0.000117489
0.000117355
0.000117228
0.0001171
0.000116973
0.000116849
0.000116722
0.000116594
0.000116464
0.000116336
0.000116214
0.000116094
0.000115971
0.000115847
0.000115724
0.000115596
0.00011547
0.000115348
0.000115223
0.000115098
0.000114968
0.000114838
0.000114713
0.000114587
0.000114458
0.000114328
0.000114199
0.000114068
0.000113935
0.000113804
0.000113676
0.000113548
0.000113429
0.000113304
0.000113173
0.000113048
0.000112916
0.000112786
0.000112661
0.000112536
0.000112416
0.000112295
0.000112181
0.000112061
0.000111934
0.000111812
0.00011168
0.000111558
0.000111445
0.000111324
0.000111209
0.000111089
0.000110963
0.000110844
0.000110727
0.000110607
0.000110493
0.000110383
0.000110268
0.000110156
0.000110047
0.000109933
0.00010982
0.000109711
0.000109598
0.000109488
0.000109375
0.000109269
0.000109162
0.000109051
0.000108947
0.000108843
0.000108741
0.000108633
0.000108524
0.000108415
0.000108305
0.000108202
0.000108098
0.000107995
0.000107891
0.000107786
0.000107684
0.000107583
0.00010748
0.000107381
0.000107281
0.000107179
0.000107081
0.000106982
0.000106881
0.000106784
0.000106683
0.000106584
0.000106488
0.000106389
0.000106289
0.00010619
0.000106087
0.000105984
0.000105882
0.000105783
0.000105685
0.000105588
0.00010549
0.00010539
0.000105293
0.000105197
0.000105099
0.000105001
0.000104902
0.000104802
0.000104705
0.000104608
0.000104509
0.000104413
0.000104318
0.000104223
0.000104126
0.00010403
0.000103932
0.000103835
0.000103738
0.000103639
0.000103542
0.000103446
0.00010335
0.000103257
0.000103165
0.000103076
0.000102982
0.000102892
0.000102804
0.000102709
0.000102615
0.000102521
0.000102425
0.000102328
0.000102232
0.000102136
0.000102039
0.000101939
0.000101842
0.000101742
0.000101642
0.000101542
0.000101441
0.00010134
0.000101241
0.000101142
0.000101046
0.000100949
0.00010085
0.00010075
0.000100649
0.000100553
0.000100452
0.000100348
0.000100247
0.000100142
0.000100036
9.9936e-05
