          0
  0.0151398
  0.0293278
  0.0425814
  0.0549324
  0.0663914
   0.076997
   0.086753
  0.0957047
   0.103849
   0.111238
   0.117863
   0.123782
   0.128978
   0.133517
   0.137377
   0.140628
   0.143243
   0.145297
   0.146759
   0.147708
   0.148109
   0.148044
   0.147475
   0.146488
    0.14504
   0.143223
   0.140989
   0.138431
   0.135503
   0.132297
   0.128766
   0.125004
   0.120961
   0.116733
   0.112272
   0.107669
    0.10288
  0.0979951
    0.09297
  0.0878936
  0.0827243
   0.077548
  0.0723261
  0.0671413
  0.0619585
  0.0568567
  0.0518047
  0.0468772
  0.0420477
   0.037386
  0.0328706
  0.0285661
  0.0244565
  0.0206008
  0.0169885
   0.013673
  0.0106498
 0.00796597
 0.00562331
  0.0036627
 0.00209223
0.000946341
0.000239645
          0
