Residual: 
5.78755
4.37421
3.94025
3.69025
3.51448
3.37696
3.26311
3.16577
3.08086
3.00571
2.93847
2.87776
2.82252
2.77192
2.72532
2.68218
2.64206
2.60462
2.56956
2.53664
2.50564
2.4764
2.44875
2.42258
2.39775
2.37419
2.35178
2.33047
2.31016
2.29081
2.27235
2.25472
2.23788
2.22178
2.20639
2.19165
2.17754
2.16401
2.15105
2.13861
2.12668
2.11521
2.1042
2.09361
2.08343
2.07362
2.06418
2.05509
2.04632
2.03786
2.02969
2.02181
2.01419
2.00682
1.99969
1.99279
1.9861
1.97962
1.97333
1.96723
1.96131
1.95555
1.94996
1.94451
1.93921
1.93405
1.92902
1.92411
1.91932
1.91464
1.91007
1.90561
1.90124
1.89696
1.89277
1.88867
1.88465
1.8807
1.87683
1.87303
1.8693
1.86563
1.86202
1.85847
1.85497
1.85153
1.84814
1.8448
1.84151
1.83826
1.83505
1.83189
1.82876
1.82567
1.82262
1.81961
1.81662
1.81367
1.81075
1.80786
1.805
1.80216
1.79935
1.79657
1.79381
1.79108
1.78837
1.78567
1.78301
1.78036
1.77773
1.77512
1.77252
1.76995
1.76739
1.76485
1.76233
1.75982
1.75732
1.75484
1.75238
1.74992
1.74748
1.74506
1.74265
1.74024
1.73785
1.73548
1.73311
1.73075
1.72841
1.72607
1.72375
1.72143
1.71912
1.71683
1.71454
1.71226
1.70999
1.70773
1.70547
1.70323
1.70099
1.69876
1.69653
1.69432
1.69211
1.68991
1.68771
1.68553
1.68334
1.68117
1.679
1.67684
1.67468
1.67253
1.67039
1.66825
1.66612
1.66399
1.66187
1.65975
1.65764
1.65554
1.65344
1.65134
1.64925
1.64717
1.64509
1.64301
1.64094
1.63888
1.63681
1.63476
1.6327
1.63066
1.62861
1.62657
1.62454
1.62251
1.62048
1.61846
1.61644
1.61442
1.61241
1.61041
1.60841
1.60641
1.60441
1.60242
1.60043
1.59845
1.59647
1.59449
1.59252
1.59055
1.58858
1.58662
1.58466
1.58271
1.58075
1.5788
1.57686
1.57492
1.57298
1.57104
1.56911
1.56718
1.56525
1.56333
1.56141
1.55949
1.55758
1.55567
1.55376
1.55186
1.54996
1.54806
1.54616
1.54427
1.54238
1.54049
1.53861
1.53673
1.53485
1.53298
1.5311
1.52923
1.52737
1.5255
1.52364
1.52178
1.51993
1.51807
1.51622
1.51438
1.51253
1.51069
1.50885
1.50701
1.50518
1.50335
1.50152
1.49969
1.49787
1.49604
1.49422
1.49241
1.49059
1.48878
1.48697
1.48517
1.48336
1.48156
1.47976
1.47797
1.47617
1.47438
1.47259
1.47081
1.46902
1.46724
1.46546
1.46368
1.46191
1.46014
1.45837
1.4566
1.45483
1.45307
1.45131
1.44955
1.4478
1.44604
1.44429
1.44254
1.4408
1.43905
1.43731
1.43557
1.43383
1.4321
1.43036
1.42863
1.4269
1.42518
1.42345
1.42173
1.42001
1.4183
1.41658
1.41487
1.41316
1.41145
1.40974
1.40804
1.40634
1.40464
1.40294
1.40124
1.39955
1.39786
1.39617
1.39448
1.3928
1.39111
1.38943
1.38776
1.38608
1.38441
1.38273
1.38106
1.3794
1.37773
1.37607
1.3744
1.37274
1.37109
1.36943
1.36778
1.36613
1.36448
1.36283
1.36119
1.35954
1.3579
1.35626
1.35463
1.35299
1.35136
1.34973
1.3481
1.34647
1.34485
1.34323
1.3416
1.33999
1.33837
1.33675
1.33514
1.33353
1.33192
1.33032
1.32871
1.32711
1.32551
1.32391
1.32231
1.32072
1.31912
1.31753
1.31594
1.31436
1.31277
1.31119
1.30961
1.30803
1.30645
1.30488
1.3033
1.30173
1.30016
1.29859
1.29703
1.29546
1.2939
1.29234
1.29078
1.28923
1.28767
1.28612
1.28457
1.28302
1.28148
1.27993
1.27839
1.27685
1.27531
1.27377
1.27223
1.2707
1.26917
1.26764
1.26611
1.26459
1.26306
1.26154
1.26002
1.2585
1.25698
1.25547
1.25395
1.25244
1.25093
1.24943
1.24792
1.24642
1.24491
1.24341
1.24192
1.24042
1.23892
1.23743
1.23594
1.23445
1.23296
1.23148
1.22999
1.22851
1.22703
1.22555
1.22407
1.2226
1.22113
1.21965
1.21818
1.21672
1.21525
1.21379
1.21232
1.21086
1.2094
1.20795
1.20649
1.20504
1.20359
1.20214
1.20069
1.19924
1.1978
1.19635
1.19491
1.19347
1.19203
1.1906
1.18916
1.18773
1.1863
1.18487
1.18344
1.18202
1.18059
1.17917
1.17775
1.17633
1.17491
1.1735
1.17208
1.17067
1.16926
1.16785
1.16644
1.16504
1.16364
1.16223
1.16083
1.15943
1.15804
1.15664
1.15525
1.15386
1.15247
1.15108
1.14969
1.14831
1.14692
1.14554
1.14416
1.14278
1.14141
1.14003
1.13866
1.13729
1.13592
1.13455
1.13318
1.13182
1.13045
1.12909
1.12773
1.12637
1.12501
1.12366
1.12231
1.12095
1.1196
1.11825
1.11691
1.11556
1.11422
1.11288
1.11154
1.1102
1.10886
1.10752
1.10619
1.10486
1.10353
1.1022
1.10087
1.09954
1.09822
1.09689
1.09557
1.09425
1.09294
1.09162
1.0903
1.08899
1.08768
1.08637
1.08506
1.08375
1.08245
1.08114
1.07984
1.07854
1.07724
1.07594
1.07465
1.07335
1.07206
1.07077
1.06948
1.06819
1.0669
1.06562
1.06433
1.06305
1.06177
1.06049
1.05921
1.05794
1.05666
1.05539
1.05412
1.05285
1.05158
1.05032
1.04905
1.04779
1.04652
1.04526
1.044
1.04275
1.04149
1.04024
1.03898
1.03773
1.03648
1.03523
1.03399
1.03274
1.0315
1.03025
1.02901
1.02777
1.02654
1.0253
1.02406
1.02283
1.0216
1.02037
1.01914
1.01791
1.01668
1.01546
1.01424
1.01301
1.01179
1.01058
1.00936
1.00814
1.00693
1.00572
1.0045
1.00329
1.00209
1.00088
0.999673
0.998469
0.997266
0.996064
0.994865
0.993666
0.992469
0.991274
0.99008
0.988887
0.987696
0.986506
0.985318
0.984131
0.982946
0.981761
0.980579
0.979398
0.978218
0.97704
0.975863
0.974687
0.973513
0.97234
0.971169
0.969999
0.968831
0.967664
0.966498
0.965334
0.964171
0.96301
0.96185
0.960691
0.959534
0.958378
0.957224
0.956071
0.954919
0.953769
0.95262
0.951472
0.950326
0.949181
0.948038
0.946896
0.945756
0.944616
0.943479
0.942342
0.941207
0.940073
0.938941
0.93781
0.93668
0.935552
0.934425
0.933299
0.932175
0.931052
0.929931
0.928811
0.927692
0.926574
0.925458
0.924343
0.92323
0.922118
0.921007
0.919898
0.91879
0.917683
0.916578
0.915474
0.914371
0.913269
0.912169
0.911071
0.909973
0.908877
0.907782
0.906689
0.905597
0.904506
0.903416
0.902328
0.901241
0.900155
0.899071
0.897988
0.896907
0.895826
0.894747
0.893669
0.892593
0.891518
0.890444
0.889371
0.8883
0.88723
0.886161
0.885094
0.884028
0.882963
0.881899
0.880837
0.879776
0.878716
0.877658
0.8766
0.875544
0.87449
0.873437
0.872384
0.871334
0.870284
0.869236
0.868189
0.867143
0.866098
0.865055
0.864013
0.862972
0.861933
0.860895
0.859858
0.858822
0.857788
0.856754
0.855722
0.854691
0.853662
0.852634
0.851607
0.850581
0.849556
0.848533
0.847511
0.84649
0.84547
0.844452
0.843435
0.842419
0.841404
0.840391
0.839378
0.838367
0.837357
0.836349
0.835341
0.834335
0.83333
0.832326
0.831324
0.830322
0.829322
0.828323
0.827325
0.826329
0.825333
0.824339
0.823346
0.822355
0.821364
0.820375
0.819386
0.818399
0.817414
0.816429
0.815446
0.814463
0.813482
0.812502
0.811524
0.810546
0.80957
0.808595
0.807621
0.806648
0.805676
0.804706
0.803736
0.802768
0.801801
0.800836
0.799871
0.798907
0.797945
0.796984
0.796024
0.795065
0.794107
0.793151
0.792195
0.791241
0.790288
0.789336
0.788385
0.787436
0.786487
0.78554
0.784594
0.783649
0.782705
0.781762
0.78082
0.77988
0.77894
0.778002
0.777065
0.776129
0.775194
0.77426
0.773328
0.772396
0.771466
0.770536
0.769608
0.768681
0.767755
0.766831
0.765907
0.764984
0.764063
0.763142
0.762223
0.761305
0.760388
0.759472
0.758557
0.757644
0.756731
0.755819
0.754909
0.754
0.753091
0.752184
0.751278
0.750373
0.74947
0.748567
0.747665
0.746764
0.745865
0.744966
0.744069
0.743173
0.742278
0.741384
0.740491
0.739599
0.738708
0.737818
0.736929
0.736041
0.735155
0.734269
0.733385
0.732501
0.731619
0.730738
0.729858
0.728979
0.7281
0.727223
0.726347
0.725473
0.724599
0.723726
0.722854
0.721983
0.721114
0.720245
0.719378
0.718511
0.717646
0.716781
0.715918
0.715055
0.714194
0.713334
0.712474
0.711616
0.710759
0.709903
0.709048
0.708194
0.707341
0.706489
0.705638
0.704788
0.703939
0.703091
0.702244
0.701398
0.700553
0.699709
0.698867
0.698025
0.697184
0.696344
0.695505
0.694668
0.693831
0.692995
0.69216
0.691327
0.690494
0.689662
0.688831
0.688002
0.687173
0.686345
0.685518
0.684693
0.683868
0.683044
0.682221
0.6814
0.680579
0.679759
0.67894
0.678123
0.677306
0.67649
0.675675
0.674861
0.674048
0.673236
0.672425
0.671615
0.670806
0.669998
0.669191
0.668385
0.66758
0.666776
0.665973
0.665171
0.66437
0.663569
0.66277
0.661972
0.661174
0.660378
0.659582
0.658788
0.657994
0.657202
0.65641
0.65562
0.65483
0.654041
0.653253
0.652466
0.65168
0.650895
0.650111
0.649328
0.648546
0.647765
0.646985
0.646205
0.645427
0.64465
0.643873
0.643097
0.642323
0.641549
0.640776
0.640004
0.639234
0.638464
0.637694
0.636926
0.636159
0.635393
0.634628
0.633863
0.6331
0.632337
0.631575
0.630815
0.630055
0.629296
0.628538
0.627781
0.627024
0.626269
0.625515
0.624761
0.624009
0.623257
0.622506
0.621757
0.621008
0.62026
0.619513
0.618766
0.618021
0.617277
0.616533
0.61579
0.615049
0.614308
0.613568
0.612829
0.612091
0.611353
0.610617
0.609881
0.609147
0.608413
0.60768
0.606948
0.606217
0.605487
0.604757
0.604029
0.603301
0.602575
0.601849
0.601124
0.6004
0.599677
0.598954
0.598233
0.597512
0.596793
0.596074
0.595356
0.594639
0.593922
0.593207
0.592492
0.591779
0.591066
0.590354
0.589643
0.588932
0.588223
0.587515
0.586807
0.5861
0.585394
0.584689
0.583985
0.583281
0.582579
0.581877
0.581176
0.580476
0.579777
0.579078
0.578381
0.577684
0.576988
0.576293
0.575599
0.574906
0.574213
0.573522
0.572831
0.572141
0.571452
0.570763
0.570076
0.569389
0.568703
0.568018
0.567334
0.566651
0.565968
0.565286
0.564605
0.563925
0.563246
0.562568
0.56189
0.561213
0.560537
0.559862
0.559188
0.558514
0.557841
0.557169
0.556498
0.555828
0.555158
0.55449
0.553822
0.553155
0.552488
0.551823
0.551158
0.550494
0.549831
0.549169
0.548507
0.547847
0.547187
0.546528
0.545869
0.545212
0.544555
0.543899
0.543244
0.54259
0.541936
0.541283
0.540631
0.53998
0.53933
0.53868
0.538031
0.537383
0.536736
0.536089
0.535443
0.534798
0.534154
0.533511
0.532868
0.532226
0.531585
0.530945
0.530305
0.529667
0.529029
0.528391
0.527755
0.527119
0.526484
0.52585
0.525217
0.524584
0.523952
0.523321
0.522691
0.522061
0.521432
0.520804
0.520177
0.51955
0.518924
0.518299
0.517675
0.517051
0.516429
0.515807
0.515185
0.514565
0.513945
0.513326
0.512707
0.51209
0.511473
0.510857
0.510242
0.509627
0.509013
0.5084
0.507788
0.507176
0.506565
0.505955
0.505345
0.504737
0.504129
0.503522
0.502915
0.502309
0.501704
0.5011
0.500496
0.499893
0.499291
0.49869
0.498089
0.497489
0.49689
0.496291
0.495694
0.495096
0.4945
0.493904
0.49331
0.492715
0.492122
0.491529
0.490937
0.490346
0.489755
0.489165
0.488576
0.487987
0.487399
0.486812
0.486226
0.48564
0.485055
0.484471
0.483888
0.483305
0.482723
0.482141
0.48156
0.48098
0.480401
0.479822
0.479244
0.478667
0.47809
0.477515
0.476939
0.476365
0.475791
0.475218
0.474646
0.474074
0.473503
0.472932
0.472363
0.471794
0.471225
0.470658
0.470091
0.469525
0.468959
0.468394
0.46783
0.467266
0.466704
0.466141
0.46558
0.465019
0.464459
0.4639
0.463341
0.462783
0.462225
0.461668
0.461112
0.460557
0.460002
0.459448
0.458895
0.458342
0.45779
0.457238
0.456688
0.456137
0.455588
0.455039
0.454491
0.453944
0.453397
0.452851
0.452305
0.451761
0.451216
0.450673
0.45013
0.449588
0.449046
0.448505
0.447965
0.447426
0.446887
0.446348
0.445811
0.445274
0.444737
0.444202
0.443667
0.443132
0.442598
0.442065
0.441533
0.441001
0.44047
0.439939
0.439409
0.43888
0.438351
0.437823
0.437296
0.436769
0.436243
0.435718
0.435193
0.434668
0.434145
0.433622
0.4331
0.432578
0.432057
0.431536
0.431017
0.430497
0.429979
0.429461
0.428944
0.428427
0.427911
0.427396
0.426881
0.426367
0.425853
0.42534
0.424828
0.424316
0.423805
0.423294
0.422784
0.422275
0.421766
0.421258
0.420751
0.420244
0.419738
0.419232
0.418727
0.418223
0.417719
0.417216
0.416714
0.416212
0.41571
0.41521
0.414709
0.41421
0.413711
0.413213
0.412715
0.412218
0.411721
0.411225
0.41073
0.410235
0.409741
0.409248
0.408755
0.408262
0.40777
0.407279
0.406789
0.406299
0.405809
0.40532
0.404832
0.404345
0.403858
0.403371
0.402885
0.4024
0.401915
0.401431
0.400948
0.400465
0.399982
0.3995
0.399019
0.398539
0.398059
0.397579
0.3971
0.396622
0.396144
0.395667
0.39519
0.394714
0.394239
0.393764
0.39329
0.392816
0.392343
0.39187
0.391398
0.390927
0.390456
0.389985
0.389516
0.389046
0.388578
0.38811
0.387642
0.387175
0.386709
0.386243
0.385778
0.385313
0.384849
0.384386
0.383922
0.38346
0.382998
0.382537
0.382076
0.381616
0.381156
0.380697
0.380238
0.37978
0.379323
0.378866
0.37841
0.377954
0.377499
0.377044
0.37659
0.376136
0.375683
0.375231
0.374779
0.374327
0.373876
0.373426
0.372976
0.372527
0.372078
0.37163
0.371182
0.370735
0.370289
0.369842
0.369397
0.368952
0.368508
0.368064
0.36762
0.367178
0.366735
0.366294
0.365852
0.365412
0.364971
0.364532
0.364093
0.363654
0.363216
0.362779
0.362342
0.361905
0.361469
0.361034
0.360599
0.360165
0.359731
0.359297
0.358865
0.358432
0.358001
0.357569
0.357139
0.356709
0.356279
0.35585
0.355421
0.354993
0.354565
0.354138
0.353712
0.353286
0.35286
0.352435
0.352011
0.351587
0.351163
0.35074
0.350318
0.349896
0.349474
0.349053
0.348633
0.348213
0.347793
0.347374
0.346956
0.346538
0.346121
0.345704
0.345287
0.344871
0.344456
0.344041
0.343627
0.343213
0.342799
0.342386
0.341974
0.341562
0.341151
0.34074
0.340329
0.339919
0.33951
0.339101
0.338692
0.338284
0.337877
0.33747
0.337063
0.336657
0.336252
0.335847
0.335442
0.335038
0.334635
0.334232
0.333829
0.333427
0.333025
0.332624
0.332223
0.331823
0.331424
0.331024
0.330626
0.330227
0.32983
0.329432
0.329035
0.328639
0.328243
0.327848
0.327453
0.327058
0.326665
0.326271
0.325878
0.325485
0.325093
0.324702
0.324311
0.32392
0.32353
0.32314
0.322751
0.322362
0.321974
0.321586
0.321199
0.320812
0.320425
0.320039
0.319654
0.319269
0.318884
0.3185
0.318117
0.317733
0.317351
0.316968
0.316587
0.316205
0.315824
0.315444
0.315064
0.314685
0.314305
0.313927
0.313549
0.313171
0.312794
0.312417
0.312041
0.311665
0.311289
0.310914
0.31054
0.310166
0.309792
0.309419
0.309046
0.308674
0.308302
0.307931
0.30756
0.30719
0.30682
0.30645
0.306081
0.305712
0.305344
0.304976
0.304609
0.304242
0.303875
0.303509
0.303144
0.302779
0.302414
0.30205
0.301686
0.301322
0.30096
0.300597
0.300235
0.299873
0.299512
0.299151
0.298791
0.298431
0.298072
0.297713
0.297354
0.296996
0.296638
0.296281
0.295924
0.295567
0.295211
0.294856
0.294501
0.294146
0.293791
0.293438
0.293084
0.292731
0.292378
0.292026
0.291675
0.291323
0.290972
0.290622
0.290272
0.289922
0.289573
0.289224
0.288876
0.288528
0.28818
0.287833
0.287486
0.28714
0.286794
0.286449
0.286104
0.285759
0.285415
0.285071
0.284728
0.284385
0.284042
0.2837
0.283358
0.283017
0.282676
0.282336
0.281995
0.281656
0.281317
0.280978
0.280639
0.280301
0.279964
0.279626
0.27929
0.278953
0.278617
0.278281
0.277946
0.277612
0.277277
0.276943
0.27661
0.276276
0.275944
0.275611
0.275279
0.274948
0.274616
0.274286
0.273955
0.273625
0.273296
0.272966
0.272638
0.272309
0.271981
0.271654
0.271326
0.271
0.270673
0.270347
0.270021
0.269696
0.269371
0.269047
0.268723
0.268399
0.268076
0.267753
0.26743
0.267108
0.266787
0.266465
0.266144
0.265824
0.265503
0.265184
0.264864
0.264545
0.264227
0.263908
0.26359
0.263273
0.262956
0.262639
0.262323
0.262007
0.261691
0.261376
0.261061
0.260747
0.260432
0.260119
0.259805
0.259492
0.25918
0.258868
0.258556
0.258244
0.257933
0.257623
0.257312
0.257002
0.256693
0.256384
0.256075
0.255766
0.255458
0.255151
0.254843
0.254536
0.25423
0.253923
0.253618
0.253312
0.253007
0.252702
0.252398
0.252094
0.25179
0.251487
0.251184
0.250881
0.250579
0.250277
0.249976
0.249675
0.249374
0.249074
0.248774
0.248474
0.248175
0.247876
0.247577
0.247279
0.246981
0.246684
0.246386
0.24609
0.245793
0.245497
0.245201
0.244906
0.244611
0.244316
0.244022
0.243728
0.243435
0.243141
0.242849
0.242556
0.242264
0.241972
0.241681
0.241389
0.241099
0.240808
0.240518
0.240228
0.239939
0.23965
0.239361
0.239073
0.238785
0.238497
0.23821
0.237923
0.237637
0.23735
0.237065
0.236779
0.236494
0.236209
0.235924
0.23564
0.235356
0.235073
0.23479
0.234507
0.234224
0.233942
0.23366
0.233379
0.233098
0.232817
0.232537
0.232257
0.231977
0.231697
0.231418
0.23114
0.230861
0.230583
0.230305
0.230028
0.229751
0.229474
0.229198
0.228922
0.228646
0.22837
0.228095
0.227821
0.227546
0.227272
0.226998
0.226725
0.226452
0.226179
0.225907
0.225635
0.225363
0.225091
0.22482
0.224549
0.224279
0.224009
0.223739
0.223469
0.2232
0.222931
0.222663
0.222395
0.222127
0.221859
0.221592
0.221325
0.221058
0.220792
0.220526
0.220261
0.219995
0.21973
0.219466
0.219201
0.218937
0.218673
0.21841
0.218147
0.217884
0.217622
0.21736
0.217098
0.216836
0.216575
0.216314
0.216054
0.215793
0.215533
0.215274
0.215015
0.214756
0.214497
0.214238
0.21398
0.213723
0.213465
0.213208
0.212951
0.212695
0.212439
0.212183
0.211927
0.211672
0.211417
0.211162
0.210908
0.210654
0.2104
0.210147
0.209893
0.209641
0.209388
0.209136
0.208884
0.208632
0.208381
0.20813
0.207879
0.207629
0.207379
0.207129
0.20688
0.20663
0.206381
0.206133
0.205885
0.205637
0.205389
0.205141
0.204894
0.204648
0.204401
0.204155
0.203909
0.203663
0.203418
0.203173
0.202928
0.202684
0.20244
0.202196
0.201952
0.201709
0.201466
0.201223
0.200981
0.200739
0.200497
0.200256
0.200014
0.199773
0.199533
0.199292
0.199052
0.198813
0.198573
0.198334
0.198095
0.197856
0.197618
0.19738
0.197142
0.196905
0.196668
0.196431
0.196194
0.195958
0.195722
0.195486
0.195251
0.195015
0.19478
0.194546
0.194311
0.194077
0.193844
0.19361
0.193377
0.193144
0.192911
0.192679
0.192447
0.192215
0.191984
0.191752
0.191521
0.191291
0.19106
0.19083
0.1906
0.190371
0.190141
0.189912
0.189684
0.189455
0.189227
0.188999
0.188771
0.188544
0.188317
0.18809
0.187863
0.187637
0.187411
0.187185
0.18696
0.186735
0.18651
0.186285
0.186061
0.185837
0.185613
0.185389
0.185166
0.184943
0.18472
0.184498
0.184275
0.184053
0.183832
0.18361
0.183389
0.183168
0.182948
0.182727
0.182507
0.182287
0.182068
0.181848
0.181629
0.181411
0.181192
0.180974
0.180756
0.180538
Residual: 
0.000508879
0.000506428
0.00050399
0.000501563
0.000499148
0.000496744
0.000494352
0.000491972
0.000489603
0.000487245
0.000484899
0.000482564
0.000480241
0.000477928
0.000475627
0.000473336
0.000471057
0.000468789
0.000466532
0.000464285
0.000462049
0.000459824
0.00045761
0.000455407
0.000453214
0.000451032
0.00044886
0.000446698
0.000444547
0.000442407
0.000440276
0.000438156
0.000436047
0.000433947
0.000431857
0.000429778
0.000427708
0.000425649
0.000423599
0.000421559
0.000419529
0.000417509
0.000415499
0.000413498
0.000411507
0.000409525
0.000407554
0.000405591
0.000403638
0.000401694
0.00039976
0.000397835
0.000395919
0.000394013
0.000392116
0.000390228
0.000388349
0.000386478
0.000384618
0.000382765
0.000380922
0.000379088
0.000377263
0.000375446
0.000373638
0.000371839
0.000370049
0.000368267
0.000366493
0.000364728
0.000362972
0.000361225
0.000359485
0.000357754
0.000356032
0.000354317
0.00035261
0.000350913
0.000349223
0.000347542
0.000345868
0.000344203
0.000342545
0.000340895
0.000339255
0.000337621
0.000335995
0.000334377
0.000332767
0.000331165
0.00032957
0.000327983
0.000326403
0.000324832
0.000323267
0.000321711
0.000320162
0.00031862
0.000317086
0.000315559
0.00031404
0.000312528
0.000311023
0.000309525
0.000308035
0.000306551
0.000305076
0.000303607
0.000302144
0.000300689
0.000299241
0.0002978
0.000296366
0.000294939
0.000293519
0.000292105
0.0002907
0.0002893
0.000287906
0.00028652
0.000285141
0.000283767
0.000282401
0.000281041
0.000279687
0.000278341
0.000277001
0.000275666
0.00027434
0.000273018
0.000271704
0.000270395
0.000269093
0.000267798
0.000266508
0.000265225
0.000263948
0.000262677
0.000261412
0.000260153
0.000258901
0.000257653
0.000256413
0.000255179
0.000253949
0.000252727
0.00025151
0.000250298
0.000249093
0.000247894
0.0002467
0.000245512
0.00024433
0.000243154
0.000241983
0.000240818
0.000239658
0.000238504
0.000237355
0.000236212
0.000235075
0.000233944
0.000232817
0.000231695
0.00023058
0.00022947
0.000228365
0.000227265
0.000226171
0.000225081
0.000223998
0.000222919
0.000221846
0.000220778
0.000219714
0.000218657
0.000217603
0.000216555
0.000215513
0.000214475
0.000213442
0.000212415
0.000211391
0.000210374
0.000209361
0.000208353
0.00020735
0.000206351
0.000205358
0.000204367
0.000203385
0.000202405
0.000201431
0.00020046
0.000199495
0.000198535
0.000197579
0.000196628
0.00019568
0.000194738
0.000193801
0.000192868
0.000191938
0.000191014
0.000190094
0.000189179
0.000188268
0.000187362
0.00018646
0.000185561
0.000184668
0.000183779
0.000182894
0.000182014
0.000181137
0.000180265
0.000179396
0.000178531
0.000177673
0.000176817
0.000175965
0.000175119
0.000174275
0.000173436
0.000172601
0.00017177
0.000170943
0.000170121
0.000169301
0.000168485
0.000167675
0.000166866
0.000166063
0.000165264
0.000164468
0.000163676
0.000162888
0.000162104
0.000161322
0.000160546
0.000159773
0.000159004
0.000158239
0.000157475
0.000156717
0.000155962
0.000155212
0.000154464
0.000153721
0.00015298
0.000152244
0.000151512
0.000150781
0.000150055
0.000149333
0.000148613
0.000147898
0.000147186
0.000146476
0.000145771
0.00014507
0.000144371
0.000143676
0.000142984
0.000142296
0.000141611
0.000140928
0.00014025
0.000139575
0.000138903
0.000138233
0.000137569
0.000136907
0.000136247
0.00013559
0.000134938
0.000134288
0.00013364
0.000132998
0.000132357
0.00013172
0.000131086
0.000130454
0.000129826
0.0001292
0.000128579
0.000127959
0.000127343
0.00012673
0.000126121
0.000125513
0.000124909
0.000124307
0.000123708
0.000123113
0.00012252
0.000121929
0.000121343
0.000120759
0.000120176
0.000119598
0.000119023
0.000118449
0.000117879
0.000117311
0.000116747
0.000116184
0.000115625
0.000115068
0.000114514
0.000113964
0.000113414
0.000112867
0.000112325
0.000111783
0.000111245
0.000110709
0.000110176
0.000109645
0.000109117
0.000108591
0.000108069
0.00010755
0.000107031
0.000106516
0.000106003
0.000105492
0.000104984
0.000104479
0.000103976
0.000103475
0.000102977
0.00010248
0.000101988
0.000101496
0.000101009
0.000100522
0.000100037
9.95564e-05
9.90757e-05
9.85999e-05
9.81241e-05
9.76515e-05
9.7182e-05
9.67134e-05
9.62476e-05
9.57843e-05
9.53227e-05
9.48643e-05
9.44083e-05
9.39532e-05
9.34997e-05
9.30505e-05
9.26027e-05
9.21559e-05
9.17132e-05
9.12715e-05
9.08323e-05
9.03929e-05
8.99589e-05
8.95259e-05
8.90947e-05
8.8666e-05
8.82387e-05
8.78134e-05
8.73919e-05
8.69703e-05
8.65518e-05
8.61346e-05
8.572e-05
8.5306e-05
8.48959e-05
8.4487e-05
8.40796e-05
8.36754e-05
8.32731e-05
8.28721e-05
8.24722e-05
8.20751e-05
8.16802e-05
8.12879e-05
8.08949e-05
8.05059e-05
8.01178e-05
7.9733e-05
7.93486e-05
7.8967e-05
7.85858e-05
7.82074e-05
7.78313e-05
7.74571e-05
7.70835e-05
7.67123e-05
7.63426e-05
7.59748e-05
7.56092e-05
7.52453e-05
7.48837e-05
7.45225e-05
7.41634e-05
7.38053e-05
7.3451e-05
7.3098e-05
7.27469e-05
7.23948e-05
7.20482e-05
7.16995e-05
7.13544e-05
7.10116e-05
7.06685e-05
7.03291e-05
6.9992e-05
6.96534e-05
6.93168e-05
6.89841e-05
6.86515e-05
6.83206e-05
6.79922e-05
6.76643e-05
6.73391e-05
6.70155e-05
6.66919e-05
6.63708e-05
6.6051e-05
6.57324e-05
6.54169e-05
6.51024e-05
6.47879e-05
6.44766e-05
6.41656e-05
6.38567e-05
6.35496e-05
6.32432e-05
6.29382e-05
6.26358e-05
6.23325e-05
6.20344e-05
6.17354e-05
6.1438e-05
6.11423e-05
6.08464e-05
6.05545e-05
6.02631e-05
5.99729e-05
5.96842e-05
5.93969e-05
5.91113e-05
5.8826e-05
5.85422e-05
5.82609e-05
5.79809e-05
5.77018e-05
5.74233e-05
5.71469e-05
5.68718e-05
5.6598e-05
5.63252e-05
5.60535e-05
5.57851e-05
5.55152e-05
5.52462e-05
5.49817e-05
5.47178e-05
5.44541e-05
5.41912e-05
5.39303e-05
5.3671e-05
5.3412e-05
5.31546e-05
5.29002e-05
5.26446e-05
5.2392e-05
5.214e-05
5.18873e-05
5.16389e-05
5.13888e-05
5.11413e-05
5.08951e-05
5.06507e-05
5.04074e-05
5.0163e-05
4.99218e-05
4.96815e-05
4.94423e-05
4.92042e-05
4.89681e-05
4.87326e-05
4.84978e-05
4.82633e-05
4.80323e-05
4.78003e-05
4.75698e-05
4.73411e-05
4.71126e-05
4.68857e-05
4.66603e-05
4.64346e-05
4.62111e-05
4.59896e-05
4.57676e-05
4.55467e-05
4.5327e-05
4.51101e-05
4.48936e-05
4.46762e-05
4.44612e-05
4.4247e-05
4.40352e-05
4.38232e-05
4.36116e-05
4.34019e-05
4.31921e-05
4.29825e-05
4.27775e-05
4.25709e-05
4.23668e-05
4.2162e-05
4.19598e-05
4.17579e-05
4.15564e-05
4.13551e-05
4.11563e-05
4.09582e-05
4.07615e-05
4.05653e-05
4.03691e-05
4.01749e-05
3.9982e-05
3.97892e-05
3.95978e-05
3.94084e-05
3.92176e-05
3.90286e-05
3.88419e-05
3.86542e-05
3.84674e-05
3.82826e-05
3.80993e-05
3.79136e-05
3.77315e-05
3.75502e-05
3.73691e-05
3.71904e-05
3.70107e-05
3.68328e-05
3.6655e-05
3.64779e-05
3.63032e-05
3.61268e-05
3.59545e-05
3.57817e-05
3.5609e-05
3.54371e-05
3.52668e-05
3.5097e-05
3.49285e-05
3.47596e-05
3.45925e-05
3.44256e-05
3.42594e-05
3.40943e-05
3.3931e-05
3.37675e-05
3.3604e-05
3.34436e-05
3.32808e-05
3.31214e-05
3.29618e-05
3.2803e-05
3.26452e-05
3.24886e-05
3.23317e-05
3.21768e-05
3.20205e-05
3.18678e-05
3.17127e-05
3.15611e-05
3.14093e-05
3.12581e-05
3.11066e-05
3.09572e-05
3.08078e-05
3.06597e-05
3.05123e-05
3.03668e-05
3.02187e-05
3.00742e-05
2.99278e-05
2.97849e-05
2.96404e-05
2.94994e-05
2.93564e-05
2.92153e-05
2.90742e-05
2.89345e-05
2.87956e-05
2.86566e-05
2.85186e-05
2.83806e-05
2.82453e-05
2.81082e-05
2.79724e-05
2.78365e-05
2.77046e-05
2.75703e-05
2.74382e-05
2.73062e-05
2.71747e-05
2.70445e-05
2.69133e-05
2.6785e-05
2.66554e-05
2.65261e-05
2.63994e-05
2.62731e-05
2.61454e-05
2.60189e-05
2.58946e-05
2.577e-05
2.56452e-05
2.55212e-05
2.53989e-05
2.52757e-05
2.51551e-05
2.50331e-05
2.49131e-05
2.47935e-05
2.46742e-05
2.45554e-05
2.44372e-05
2.43187e-05
2.42014e-05
2.40848e-05
2.39691e-05
2.38548e-05
2.37384e-05
2.36251e-05
2.35107e-05
2.33977e-05
2.32852e-05
2.31741e-05
2.30608e-05
2.29504e-05
2.284e-05
2.27302e-05
2.262e-05
2.25107e-05
2.24033e-05
2.22944e-05
2.21876e-05
2.20817e-05
2.19738e-05
2.18686e-05
2.17626e-05
2.16584e-05
2.15542e-05
2.14506e-05
2.13476e-05
2.12444e-05
2.11426e-05
2.10413e-05
2.09396e-05
2.08391e-05
2.07377e-05
2.06377e-05
2.05383e-05
2.0441e-05
2.03411e-05
2.02446e-05
2.01461e-05
2.00485e-05
1.99529e-05
1.98562e-05
1.97607e-05
1.96654e-05
1.95707e-05
1.94772e-05
1.93822e-05
1.92895e-05
1.91966e-05
1.91044e-05
1.90129e-05
1.89213e-05
1.88285e-05
1.874e-05
1.8648e-05
1.85588e-05
1.84687e-05
1.8381e-05
1.82914e-05
1.82047e-05
1.81171e-05
1.80286e-05
1.79418e-05
1.78558e-05
1.77699e-05
1.76838e-05
1.75989e-05
1.75135e-05
1.7431e-05
1.73461e-05
1.72625e-05
1.71805e-05
1.70972e-05
1.70143e-05
1.69321e-05
1.68517e-05
1.6769e-05
1.66894e-05
1.66095e-05
1.65292e-05
1.64484e-05
1.63706e-05
1.62909e-05
1.62123e-05
1.61361e-05
1.60555e-05
1.59793e-05
1.59039e-05
1.58261e-05
1.57509e-05
1.56743e-05
1.55983e-05
1.55241e-05
1.54486e-05
1.53745e-05
1.53004e-05
1.5227e-05
1.51537e-05
1.50804e-05
1.50072e-05
1.49366e-05
1.4863e-05
1.47928e-05
1.47203e-05
1.46502e-05
1.4579e-05
1.45095e-05
1.44394e-05
1.43706e-05
1.43002e-05
1.42323e-05
1.4163e-05
1.40947e-05
1.40267e-05
1.39588e-05
1.38928e-05
1.3825e-05
1.37591e-05
1.36933e-05
1.36259e-05
1.35618e-05
1.34968e-05
1.34306e-05
1.33663e-05
1.33015e-05
1.32377e-05
1.31734e-05
1.31107e-05
1.30473e-05
1.29852e-05
1.2923e-05
1.28602e-05
1.27976e-05
1.27373e-05
1.26748e-05
1.26153e-05
1.2554e-05
1.24914e-05
1.24332e-05
1.23716e-05
1.23127e-05
1.22548e-05
1.21943e-05
1.21366e-05
1.20774e-05
1.20197e-05
1.19609e-05
1.19042e-05
1.18469e-05
1.17898e-05
1.17324e-05
1.16769e-05
1.16211e-05
1.15644e-05
1.15091e-05
1.1453e-05
1.13975e-05
1.13444e-05
1.12883e-05
1.12338e-05
1.11802e-05
1.11257e-05
1.10729e-05
1.10187e-05
1.09658e-05
1.09134e-05
1.08607e-05
1.0807e-05
1.07563e-05
1.07041e-05
1.06531e-05
1.06018e-05
1.05505e-05
1.05007e-05
1.04499e-05
1.03991e-05
1.03497e-05
1.02985e-05
1.02488e-05
1.02001e-05
1.01524e-05
1.01033e-05
1.00534e-05
1.00051e-05
9.95696e-06
9.90982e-06
9.8622e-06
9.81395e-06
9.76723e-06
9.72026e-06
9.67225e-06
9.62613e-06
9.58028e-06
9.5335e-06
9.48811e-06
9.4414e-06
9.39691e-06
9.35025e-06
9.30581e-06
9.26125e-06
9.21686e-06
9.17182e-06
9.12876e-06
9.08393e-06
9.04118e-06
8.99743e-06
8.95416e-06
8.91053e-06
8.86708e-06
8.82512e-06
8.78279e-06
8.74058e-06
8.69895e-06
8.65593e-06
8.61485e-06
8.57428e-06
8.53162e-06
8.49153e-06
8.44995e-06
8.41049e-06
8.36854e-06
8.32745e-06
8.28817e-06
8.24874e-06
8.20887e-06
8.16896e-06
8.12979e-06
8.09086e-06
8.05203e-06
8.01227e-06
7.97538e-06
7.93622e-06
7.89779e-06
7.86e-06
7.82176e-06
7.78398e-06
7.74631e-06
7.70971e-06
7.67194e-06
7.6354e-06
7.59869e-06
7.56251e-06
7.5255e-06
7.4891e-06
7.45344e-06
7.41798e-06
7.38078e-06
7.34683e-06
7.31128e-06
7.27589e-06
7.24116e-06
7.2045e-06
7.17146e-06
7.1372e-06
7.10256e-06
7.06692e-06
7.03459e-06
6.99987e-06
6.96561e-06
6.93425e-06
6.89856e-06
6.86556e-06
6.83344e-06
6.79978e-06
6.76733e-06
6.73522e-06
6.70186e-06
6.67043e-06
6.63764e-06
6.60713e-06
6.57395e-06
6.54113e-06
6.51078e-06
6.48095e-06
6.44918e-06
6.4175e-06
6.38674e-06
6.35563e-06
6.32494e-06
6.29464e-06
6.26513e-06
6.23496e-06
6.20482e-06
6.17496e-06
6.14658e-06
6.11497e-06
6.08646e-06
6.05682e-06
6.02661e-06
5.99792e-06
5.97015e-06
5.94105e-06
5.91218e-06
5.88356e-06
5.8571e-06
5.82754e-06
5.79843e-06
5.77173e-06
5.74291e-06
5.7157e-06
5.68729e-06
5.66075e-06
5.63221e-06
5.60653e-06
5.57834e-06
5.55216e-06
5.52524e-06
5.49869e-06
5.47141e-06
5.44674e-06
5.41988e-06
5.39463e-06
5.36759e-06
5.34279e-06
5.31589e-06
5.29046e-06
5.26449e-06
5.24074e-06
5.21426e-06
5.19054e-06
5.16527e-06
5.13962e-06
5.11454e-06
5.09063e-06
5.06559e-06
5.04062e-06
5.01671e-06
4.99285e-06
4.96945e-06
4.9433e-06
4.92161e-06
4.89707e-06
4.87332e-06
4.85057e-06
4.82783e-06
4.80331e-06
4.77987e-06
4.75818e-06
4.73516e-06
4.71108e-06
4.6885e-06
4.66777e-06
4.64514e-06
4.62196e-06
4.59997e-06
4.57805e-06
4.55496e-06
4.53343e-06
4.51068e-06
4.48954e-06
4.46905e-06
4.44744e-06
4.42464e-06
4.40481e-06
4.38232e-06
4.36228e-06
4.34152e-06
4.31991e-06
4.29941e-06
4.27829e-06
4.25746e-06
4.23719e-06
4.21542e-06
4.19688e-06
4.17632e-06
4.15547e-06
4.13654e-06
4.11546e-06
4.09613e-06
4.07691e-06
4.05726e-06
4.03686e-06
4.01931e-06
3.99826e-06
3.97932e-06
3.96039e-06
3.94179e-06
3.92279e-06
3.90344e-06
3.8844e-06
3.86633e-06
3.84656e-06
3.82776e-06
3.81016e-06
3.79127e-06
3.77335e-06
3.75648e-06
3.73725e-06
3.71906e-06
3.70172e-06
3.68225e-06
3.66668e-06
3.64824e-06
3.62972e-06
3.61298e-06
3.59573e-06
3.57917e-06
3.56151e-06
3.54499e-06
3.52733e-06
3.51045e-06
3.49393e-06
3.47757e-06
3.45894e-06
3.44277e-06
3.42684e-06
3.40984e-06
3.39433e-06
3.37823e-06
3.36173e-06
3.34535e-06
3.32943e-06
3.31309e-06
3.29627e-06
3.27999e-06
3.26578e-06
3.24959e-06
3.23372e-06
3.21731e-06
3.20234e-06
3.18721e-06
3.17223e-06
3.15736e-06
3.14196e-06
3.12607e-06
3.11101e-06
3.09572e-06
3.08284e-06
3.06653e-06
3.05056e-06
3.03807e-06
3.02294e-06
3.00757e-06
2.9932e-06
2.97876e-06
2.96559e-06
2.95053e-06
2.93605e-06
2.92178e-06
2.90722e-06
2.8939e-06
2.87993e-06
2.86543e-06
2.85228e-06
2.83779e-06
2.82499e-06
2.81087e-06
2.79692e-06
2.78388e-06
2.77165e-06
2.75821e-06
2.74371e-06
2.73023e-06
2.71951e-06
2.70516e-06
2.69121e-06
2.67908e-06
2.66665e-06
2.65278e-06
2.63934e-06
2.62747e-06
2.61524e-06
2.60137e-06
2.59021e-06
2.57704e-06
2.56468e-06
2.55278e-06
2.54032e-06
2.52805e-06
2.51659e-06
2.50445e-06
2.49158e-06
2.4792e-06
2.46841e-06
2.4544e-06
2.44461e-06
2.43102e-06
2.42137e-06
2.40836e-06
2.39733e-06
2.38638e-06
2.3738e-06
2.36267e-06
2.35183e-06
2.33994e-06
2.32915e-06
2.31716e-06
2.30655e-06
2.29539e-06
2.28498e-06
2.27344e-06
2.26188e-06
2.25165e-06
2.24048e-06
2.22856e-06
2.21945e-06
2.20824e-06
2.19725e-06
2.18797e-06
2.17616e-06
2.16587e-06
2.15569e-06
2.14457e-06
2.13517e-06
2.12516e-06
2.11402e-06
2.1036e-06
2.09356e-06
2.08446e-06
2.07501e-06
2.06405e-06
2.0537e-06
2.0445e-06
2.03378e-06
2.02414e-06
2.01474e-06
2.0053e-06
1.99567e-06
1.9868e-06
1.97613e-06
1.96692e-06
1.95614e-06
1.94836e-06
1.93926e-06
1.92847e-06
1.92048e-06
1.91113e-06
1.90248e-06
1.89315e-06
1.88349e-06
1.87429e-06
1.86524e-06
1.85621e-06
1.84814e-06
1.83807e-06
1.83005e-06
1.82154e-06
1.81299e-06
1.80344e-06
1.79444e-06
1.78655e-06
1.77824e-06
1.77003e-06
1.761e-06
1.75222e-06
1.74375e-06
1.73635e-06
1.72743e-06
1.7181e-06
1.70967e-06
1.70202e-06
1.69337e-06
1.68575e-06
1.67684e-06
1.66927e-06
1.66115e-06
1.6532e-06
1.64654e-06
1.63717e-06
1.62888e-06
1.62174e-06
1.61381e-06
1.60648e-06
1.59797e-06
1.59068e-06
1.58372e-06
1.57558e-06
1.56873e-06
1.56018e-06
1.55362e-06
1.54483e-06
1.53844e-06
1.52958e-06
1.52329e-06
1.51556e-06
1.5087e-06
1.50163e-06
1.49319e-06
1.4861e-06
1.48029e-06
1.47203e-06
1.46459e-06
1.45772e-06
1.45167e-06
1.44344e-06
1.43716e-06
1.43091e-06
1.42323e-06
1.41688e-06
1.40969e-06
1.40245e-06
1.39576e-06
1.38866e-06
1.38352e-06
1.3766e-06
1.36915e-06
1.36368e-06
1.35663e-06
1.34951e-06
1.34335e-06
1.33699e-06
1.32981e-06
1.32478e-06
1.31798e-06
1.31169e-06
1.30498e-06
1.29875e-06
1.29226e-06
1.28612e-06
1.27915e-06
1.27395e-06
1.26809e-06
1.26244e-06
1.25582e-06
1.24864e-06
1.24353e-06
1.23876e-06
1.23117e-06
1.22566e-06
1.22045e-06
1.21382e-06
1.20812e-06
1.2022e-06
1.19816e-06
1.19054e-06
1.18414e-06
1.17975e-06
1.173e-06
1.1676e-06
1.16366e-06
1.15774e-06
1.15137e-06
1.14451e-06
1.14016e-06
1.13467e-06
1.12945e-06
1.1247e-06
1.11778e-06
1.11283e-06
1.10767e-06
1.10208e-06
1.09698e-06
1.09116e-06
1.08619e-06
1.08151e-06
1.07561e-06
1.06957e-06
1.06613e-06
1.06106e-06
1.05596e-06
1.051e-06
1.04478e-06
1.0405e-06
1.03592e-06
1.03043e-06
1.02546e-06
1.02033e-06
1.01556e-06
1.00979e-06
1.00596e-06
1.0019e-06
9.95832e-07
9.9179e-07
9.86038e-07
9.80726e-07
9.77087e-07
9.71501e-07
9.67685e-07
9.62284e-07
9.58455e-07
9.53447e-07
9.49073e-07
9.43331e-07
9.39575e-07
9.36206e-07
9.31394e-07
9.25899e-07
9.21514e-07
9.16728e-07
9.1311e-07
9.09681e-07
9.0469e-07
9.01369e-07
8.9558e-07
8.91398e-07
8.8568e-07
8.82223e-07
8.78167e-07
8.73741e-07
8.70202e-07
8.65976e-07
8.62283e-07
8.5933e-07
8.53734e-07
8.49215e-07
8.45443e-07
8.40737e-07
8.38161e-07
8.33382e-07
8.28381e-07
8.2476e-07
8.21239e-07
8.17447e-07
8.12547e-07
8.09199e-07
8.05205e-07
8.00783e-07
7.98189e-07
7.93602e-07
7.89578e-07
7.86657e-07
7.82286e-07
7.7863e-07
7.75512e-07
7.71949e-07
7.68561e-07
7.65232e-07
7.59894e-07
7.57888e-07
7.54004e-07
7.51065e-07
7.46886e-07
7.43281e-07
7.39494e-07
7.36462e-07
7.32596e-07
7.28876e-07
7.24147e-07
7.22843e-07
7.17241e-07
7.14924e-07
7.1169e-07
7.07696e-07
7.05045e-07
7.02027e-07
6.98173e-07
6.93895e-07
6.90941e-07
6.88102e-07
6.83641e-07
6.81277e-07
6.77333e-07
6.74086e-07
6.71047e-07
6.6686e-07
6.64931e-07
6.6274e-07
6.58264e-07
6.55846e-07
6.52103e-07
6.49254e-07
6.45736e-07
6.42711e-07
6.39392e-07
6.36492e-07
6.3394e-07
6.29906e-07
6.27779e-07
6.23711e-07
6.21692e-07
6.18704e-07
6.15107e-07
6.13287e-07
6.09172e-07
6.0638e-07
6.03977e-07
5.9957e-07
5.98482e-07
5.95177e-07
5.91136e-07
5.88248e-07
5.86126e-07
5.82641e-07
5.8059e-07
5.76888e-07
5.74627e-07
5.72952e-07
5.70384e-07
5.66343e-07
5.64384e-07
5.60901e-07
5.58438e-07
5.55892e-07
5.53183e-07
5.49958e-07
5.46819e-07
5.462e-07
5.43578e-07
5.40625e-07
5.37258e-07
5.35644e-07
5.31549e-07
5.29252e-07
5.27828e-07
5.24487e-07
5.21989e-07
5.19877e-07
5.16101e-07
5.14402e-07
5.12695e-07
5.0903e-07
5.07353e-07
5.04978e-07
5.01931e-07
4.99906e-07
4.9795e-07
4.94907e-07
4.93309e-07
4.91047e-07
4.88574e-07
4.86235e-07
4.82026e-07
4.81058e-07
4.80365e-07
4.76418e-07
4.73411e-07
4.7126e-07
4.70237e-07
4.67123e-07
4.65122e-07
4.63102e-07
4.61429e-07
4.58127e-07
4.56534e-07
4.54095e-07
4.51536e-07
4.49599e-07
4.47349e-07
4.45126e-07
4.43279e-07
4.4091e-07
4.39144e-07
4.36709e-07
4.35267e-07
4.33386e-07
4.31156e-07
4.28547e-07
4.26173e-07
4.24201e-07
4.22699e-07
4.20038e-07
4.18527e-07
4.15953e-07
4.13452e-07
4.12461e-07
4.10858e-07
4.08565e-07
4.07082e-07
4.03094e-07
4.02567e-07
4.01926e-07
3.98025e-07
3.94792e-07
3.94144e-07
3.94095e-07
3.91031e-07
3.8624e-07
3.86757e-07
3.86644e-07
3.84064e-07
3.80518e-07
3.79885e-07
3.78373e-07
3.75903e-07
3.73297e-07
3.72876e-07
3.7173e-07
3.69384e-07
3.66623e-07
3.6529e-07
3.63789e-07
3.60622e-07
3.59747e-07
3.57379e-07
3.56698e-07
3.55153e-07
3.5283e-07
3.50751e-07
3.48375e-07
3.48832e-07
3.46335e-07
3.4395e-07
3.42691e-07
3.41298e-07
3.39755e-07
3.37703e-07
3.35455e-07
3.34974e-07
3.33171e-07
3.31988e-07
3.30032e-07
3.27727e-07
3.26791e-07
3.24076e-07
3.23607e-07
3.21343e-07
3.20219e-07
3.18652e-07
3.15902e-07
3.15506e-07
3.13123e-07
3.13855e-07
3.11701e-07
3.09117e-07
3.07292e-07
3.05773e-07
3.04849e-07
3.03112e-07
3.03005e-07
3.00643e-07
2.98139e-07
2.97202e-07
2.97536e-07
2.93379e-07
2.92932e-07
2.92378e-07
2.90261e-07
2.90605e-07
2.8855e-07
2.85745e-07
2.86071e-07
2.83499e-07
2.83634e-07
2.80888e-07
2.80501e-07
2.78441e-07
2.77842e-07
2.76245e-07
2.75432e-07
2.74297e-07
2.71982e-07
2.7095e-07
2.69577e-07
2.68997e-07
2.66909e-07
2.6575e-07
2.6526e-07
2.63816e-07
2.61851e-07
2.59255e-07
2.59855e-07
2.58466e-07
2.58318e-07
2.55653e-07
2.53034e-07
2.52639e-07
2.51561e-07
2.50688e-07
2.49853e-07
2.48139e-07
2.46536e-07
2.45126e-07
2.45558e-07
2.43539e-07
2.42618e-07
2.40311e-07
2.40727e-07
2.39425e-07
2.37804e-07
2.37376e-07
2.3631e-07
2.33979e-07
2.32484e-07
2.32535e-07
2.30723e-07
2.29209e-07
2.28376e-07
2.28805e-07
2.25556e-07
2.24917e-07
2.23089e-07
2.22002e-07
2.22117e-07
2.20632e-07
2.20691e-07
2.17689e-07
2.1835e-07
2.17329e-07
2.1567e-07
2.15302e-07
2.13972e-07
2.13103e-07
2.11721e-07
2.09898e-07
2.10241e-07
2.08794e-07
2.07534e-07
2.06551e-07
2.04563e-07
2.03711e-07
2.03453e-07
2.01565e-07
2.01151e-07
2.01345e-07
2.00018e-07
1.98877e-07
1.97273e-07
1.96213e-07
1.95275e-07
1.94562e-07
1.94079e-07
1.92464e-07
1.91751e-07
1.91222e-07
1.89222e-07
1.90223e-07
1.88167e-07
1.87374e-07
1.85663e-07
1.85544e-07
1.86331e-07
1.84929e-07
1.83752e-07
1.81963e-07
1.82178e-07
1.79795e-07
1.79036e-07
1.79108e-07
1.78692e-07
1.77575e-07
1.77082e-07
1.75649e-07
1.74025e-07
1.73381e-07
1.73502e-07
1.73051e-07
1.71653e-07
1.7136e-07
1.70376e-07
1.68905e-07
1.68405e-07
1.68048e-07
1.67617e-07
1.65833e-07
1.64545e-07
1.62482e-07
1.64157e-07
1.63209e-07
1.61692e-07
1.60778e-07
1.59371e-07
1.59579e-07
1.5896e-07
1.57866e-07
1.56458e-07
1.55336e-07
1.56651e-07
1.55324e-07
1.5348e-07
1.53162e-07
1.52037e-07
1.5096e-07
1.50998e-07
1.50489e-07
1.50815e-07
1.48908e-07
1.48389e-07
1.47517e-07
1.47162e-07
1.45184e-07
1.45206e-07
1.43415e-07
1.44013e-07
1.43278e-07
1.42791e-07
1.41833e-07
1.41297e-07
1.40836e-07
1.40116e-07
1.3902e-07
1.40101e-07
1.37984e-07
1.36783e-07
1.36342e-07
1.35793e-07
1.34944e-07
1.34527e-07
1.33749e-07
1.32731e-07
1.32668e-07
1.32643e-07
1.32054e-07
1.31698e-07
1.3029e-07
1.29973e-07
1.28854e-07
1.28075e-07
1.27051e-07
1.26554e-07
1.25331e-07
1.25168e-07
1.25156e-07
1.24855e-07
1.24733e-07
1.23339e-07
1.23062e-07
1.22701e-07
1.22318e-07
1.19975e-07
1.20118e-07
1.1901e-07
1.18673e-07
1.17629e-07
1.17433e-07
1.17012e-07
1.17005e-07
1.16983e-07
1.15806e-07
1.1516e-07
1.14881e-07
1.14006e-07
1.13476e-07
1.13694e-07
1.12628e-07
1.11875e-07
1.1118e-07
1.12221e-07
1.10677e-07
1.1012e-07
1.08774e-07
1.10171e-07
1.08328e-07
1.07839e-07
1.07082e-07
1.05758e-07
1.05859e-07
1.06593e-07
1.04495e-07
1.04288e-07
1.0308e-07
1.03888e-07
1.03661e-07
1.03062e-07
1.029e-07
1.02192e-07
1.00274e-07
1.01215e-07
1.00227e-07
1.00416e-07
1.00584e-07
9.87183e-08
9.85633e-08
9.71451e-08
9.74607e-08
9.77293e-08
9.68041e-08
9.57251e-08
9.60124e-08
9.50739e-08
9.48318e-08
9.40281e-08
9.44432e-08
9.27838e-08
9.37409e-08
9.29983e-08
9.21109e-08
9.32489e-08
9.08615e-08
9.03146e-08
9.07517e-08
8.98379e-08
8.96942e-08
8.85247e-08
8.87317e-08
8.83079e-08
8.79027e-08
8.69858e-08
8.72615e-08
8.69728e-08
8.51842e-08
8.55956e-08
8.5484e-08
8.58069e-08
8.52567e-08
8.49079e-08
8.4183e-08
8.32287e-08
8.30471e-08
8.26263e-08
8.22245e-08
8.15605e-08
8.08241e-08
8.07698e-08
8.07328e-08
8.06892e-08
7.99501e-08
7.97862e-08
7.99881e-08
7.81957e-08
7.76556e-08
7.75046e-08
7.69825e-08
7.73141e-08
7.61328e-08
7.61954e-08
7.56872e-08
7.53526e-08
7.54734e-08
7.49675e-08
7.57888e-08
7.47296e-08
7.41634e-08
7.4277e-08
7.33893e-08
7.30558e-08
7.32129e-08
7.21012e-08
7.22394e-08
7.15169e-08
7.06187e-08
6.99593e-08
7.04743e-08
7.0828e-08
7.03414e-08
6.90279e-08
6.87608e-08
6.8073e-08
6.75678e-08
6.75658e-08
6.85377e-08
6.82158e-08
6.81331e-08
6.75193e-08
6.65163e-08
6.69014e-08
6.76652e-08
6.57902e-08
6.54681e-08
6.48516e-08
6.40707e-08
6.41097e-08
6.39161e-08
6.38865e-08
6.32271e-08
6.31731e-08
6.31911e-08
6.31315e-08
6.35952e-08
6.27922e-08
6.15999e-08
6.2524e-08
6.05472e-08
6.10412e-08
6.00527e-08
6.07331e-08
6.04194e-08
6.13052e-08
6.02456e-08
6.02402e-08
5.97686e-08
5.97999e-08
6.00261e-08
5.91362e-08
5.91344e-08
5.78213e-08
5.781e-08
5.83291e-08
5.79823e-08
5.64992e-08
5.66525e-08
5.56119e-08
5.65069e-08
5.59322e-08
5.57832e-08
5.5629e-08
5.61624e-08
5.62381e-08
5.54064e-08
5.61199e-08
5.55085e-08
5.59787e-08
5.51455e-08
5.59477e-08
5.52187e-08
5.53809e-08
5.50589e-08
5.46756e-08
5.47687e-08
5.49431e-08
5.54401e-08
5.39786e-08
5.39504e-08
5.24257e-08
5.2467e-08
5.17911e-08
5.14092e-08
5.10622e-08
5.10409e-08
5.03636e-08
4.97572e-08
5.02121e-08
4.97016e-08
5.01857e-08
4.98649e-08
4.95098e-08
4.94331e-08
4.94002e-08
4.82319e-08
4.85093e-08
4.77399e-08
4.79891e-08
4.70254e-08
4.72331e-08
4.63333e-08
4.66528e-08
4.58469e-08
4.5304e-08
4.56069e-08
4.52129e-08
4.49876e-08
4.5492e-08
4.55997e-08
4.49291e-08
4.55331e-08
4.51241e-08
4.39557e-08
4.30233e-08
4.35841e-08
4.3743e-08
4.35518e-08
4.2856e-08
4.2894e-08
4.26048e-08
4.36686e-08
4.41323e-08
4.29199e-08
4.2018e-08
4.28358e-08
4.14779e-08
4.18111e-08
4.18422e-08
4.13312e-08
4.12156e-08
4.03328e-08
4.075e-08
4.04938e-08
4.00198e-08
3.9573e-08
3.98569e-08
3.97916e-08
4.02009e-08
3.9625e-08
4.00712e-08
3.97261e-08
3.91433e-08
3.93422e-08
3.83712e-08
3.91322e-08
3.91792e-08
3.87626e-08
3.82757e-08
3.81963e-08
3.84706e-08
3.84255e-08
3.90302e-08
3.83415e-08
3.77918e-08
3.75486e-08
3.75674e-08
3.71509e-08
3.76193e-08
3.68079e-08
3.73263e-08
3.73321e-08
3.76848e-08
3.71108e-08
3.66314e-08
3.62357e-08
3.54155e-08
Residual: 
9.24584e-08
9.066e-08
8.8914e-08
8.72038e-08
8.55272e-08
8.38832e-08
8.2271e-08
8.06899e-08
7.91393e-08
7.76185e-08
7.6127e-08
7.46641e-08
7.32294e-08
7.18223e-08
7.04422e-08
6.90887e-08
6.77611e-08
6.64591e-08
6.51821e-08
6.39297e-08
6.27013e-08
6.14965e-08
6.03148e-08
5.91559e-08
5.80193e-08
5.69044e-08
5.5811e-08
5.47386e-08
5.36868e-08
5.26553e-08
5.16435e-08
5.06512e-08
4.9678e-08
4.87234e-08
4.77872e-08
4.6869e-08
4.59684e-08
4.50851e-08
4.42188e-08
4.33692e-08
4.25358e-08
4.17185e-08
4.09169e-08
4.01307e-08
3.93596e-08
3.86033e-08
3.78616e-08
3.7134e-08
3.64206e-08
3.57208e-08
3.50344e-08
3.43612e-08
3.3701e-08
3.30534e-08
3.24183e-08
3.17954e-08
3.11844e-08
3.05853e-08
2.99975e-08
2.94211e-08
2.88558e-08
2.83014e-08
2.77576e-08
2.72242e-08
2.67011e-08
2.61881e-08
2.56849e-08
2.51913e-08
2.47073e-08
2.42326e-08
2.37669e-08
2.33103e-08
2.28624e-08
2.2423e-08
2.19922e-08
2.15697e-08
2.11552e-08
2.07487e-08
2.035e-08
1.99589e-08
1.95755e-08
1.91993e-08
1.88304e-08
1.84686e-08
1.81137e-08
1.77657e-08
1.74244e-08
1.70895e-08
1.67611e-08
1.64391e-08
1.61233e-08
1.58134e-08
1.55095e-08
1.52116e-08
1.49193e-08
1.46327e-08
1.43514e-08
1.40757e-08
1.38052e-08
1.35399e-08
1.32798e-08
1.30246e-08
1.27743e-08
1.2529e-08
1.22882e-08
1.20521e-08
1.18205e-08
1.15933e-08
1.13706e-08
1.11521e-08
1.09378e-08
1.07277e-08
1.05216e-08
1.03193e-08
1.01211e-08
9.92661e-09
Residual: 
2.72734e-08
2.51973e-08
2.32793e-08
2.15073e-08
1.98701e-08
1.83576e-08
1.69602e-08
1.56692e-08
1.44764e-08
1.33745e-08
1.23564e-08
1.14158e-08
1.05469e-08
9.74403e-09
Residual: 
8.66649e-09
Residual: 
1.0306e-08
9.34815e-09
Residual: 
2.08575e-08
2.06695e-08
2.09237e-08
2.09237e-08
2.09237e-08
2.09237e-08
2.09237e-08
2.09237e-08
2.09237e-08
2.09237e-08
2.09237e-08
2.09237e-08
2.09237e-08
2.09237e-08
2.09237e-08
2.09237e-08
2.09237e-08
2.09237e-08
2.09237e-08
2.09237e-08
2.09237e-08
2.09237e-08
2.09237e-08
2.09237e-08
2.09237e-08
2.09237e-08
2.09237e-08
2.09237e-08
2.09237e-08
2.09237e-08
2.09237e-08
2.09237e-08
2.09237e-08
2.09237e-08
2.09237e-08
2.09237e-08
2.09237e-08
2.09237e-08
2.09237e-08
2.09237e-08
2.09237e-08
2.09237e-08
2.09237e-08
2.09237e-08
2.09237e-08
2.09237e-08
2.09237e-08
2.09237e-08
2.09237e-08
2.09237e-08
2.09237e-08
2.09237e-08
2.09237e-08
2.09237e-08
2.09237e-08
2.09237e-08
2.09237e-08
2.09237e-08
2.09237e-08
2.09237e-08
2.09237e-08
2.09237e-08
2.09237e-08
2.09237e-08
2.09237e-08
2.09237e-08
2.09237e-08
2.09237e-08
2.09237e-08
2.09237e-08
2.09237e-08
2.09237e-08
2.09237e-08
2.09237e-08
2.09237e-08
2.09237e-08
2.09237e-08
2.09237e-08
2.09237e-08
2.09237e-08
2.09237e-08
2.09237e-08
2.09237e-08
2.09237e-08
2.09237e-08
2.09237e-08
2.09237e-08
2.09237e-08
2.09237e-08
2.09237e-08
2.09237e-08
2.09237e-08
2.09237e-08
2.09237e-08
2.09237e-08
2.09237e-08
2.09237e-08
2.09237e-08
2.09237e-08
2.09237e-08
2.09237e-08
2.09237e-08
2.09237e-08
2.09237e-08
2.09237e-08
2.09237e-08
2.09237e-08
2.09237e-08
2.09237e-08
2.09237e-08
2.09237e-08
2.09237e-08
2.09237e-08
2.09237e-08
2.09237e-08
2.09237e-08
2.09237e-08
2.09237e-08
2.09237e-08
2.09237e-08
2.09237e-08
2.09237e-08
2.09237e-08
2.09237e-08
2.09237e-08
2.09237e-08
2.09237e-08
2.09237e-08
2.09237e-08
2.09237e-08
2.09237e-08
2.09237e-08
2.09237e-08
2.09237e-08
2.09237e-08
2.09237e-08
2.09237e-08
2.09237e-08
2.09237e-08
2.09237e-08
2.09237e-08
2.09237e-08
2.09237e-08
2.09237e-08
2.09237e-08
2.09237e-08
2.09237e-08
2.09237e-08
2.09237e-08
2.09237e-08
2.09237e-08
2.09237e-08
2.09237e-08
2.09237e-08
2.09237e-08
2.09237e-08
2.09237e-08
2.09237e-08
2.09237e-08
2.09237e-08
2.09237e-08
2.09237e-08
2.09237e-08
2.09237e-08
2.09237e-08
2.09237e-08
2.09237e-08
2.09237e-08
2.09237e-08
2.09237e-08
2.09237e-08
2.09237e-08
2.09237e-08
2.09237e-08
2.09237e-08
2.09237e-08
2.09237e-08
2.09237e-08
2.09237e-08
2.09237e-08
2.09237e-08
2.09237e-08
2.09237e-08
2.09237e-08
2.09237e-08
2.09237e-08
2.09237e-08
2.09237e-08
2.09237e-08
2.09237e-08
2.09237e-08
2.09237e-08
2.09237e-08
2.09237e-08
2.09237e-08
2.09237e-08
2.09237e-08
2.09237e-08
2.09237e-08
2.09237e-08
2.09237e-08
2.09237e-08
2.09237e-08
2.09237e-08
2.09237e-08
2.09237e-08
2.09237e-08
2.09237e-08
2.09237e-08
2.09237e-08
2.09237e-08
2.09237e-08
2.09237e-08
2.09237e-08
2.09237e-08
2.09237e-08
2.09237e-08
2.09237e-08
2.09237e-08
2.09237e-08
2.09237e-08
2.09237e-08
2.09237e-08
2.09237e-08
2.09237e-08
2.09237e-08
2.09237e-08
2.09237e-08
2.09237e-08
2.09237e-08
2.09237e-08
2.09237e-08
2.09237e-08
2.09237e-08
2.09237e-08
2.09237e-08
2.09237e-08
2.09237e-08
2.09237e-08
2.09237e-08
2.09237e-08
2.09237e-08
2.09237e-08
2.09237e-08
2.09237e-08
2.09237e-08
2.09237e-08
2.09237e-08
2.09237e-08
2.09237e-08
2.09237e-08
2.09237e-08
2.09237e-08
2.09237e-08
2.09237e-08
2.09237e-08
2.09237e-08
2.09237e-08
2.09237e-08
2.09237e-08
2.09237e-08
2.09237e-08
2.09237e-08
2.09237e-08
2.09237e-08
2.09237e-08
2.09237e-08
2.09237e-08
2.09237e-08
2.09237e-08
2.09237e-08
2.09237e-08
2.09237e-08
2.09237e-08
2.09237e-08
2.09237e-08
2.09237e-08
2.09237e-08
2.09237e-08
2.09237e-08
2.09237e-08
2.09237e-08
2.09237e-08
2.09237e-08
2.09237e-08
2.09237e-08
2.09237e-08
2.09237e-08
2.09237e-08
2.09237e-08
2.09237e-08
2.09237e-08
2.09237e-08
2.09237e-08
2.09237e-08
2.09237e-08
2.09237e-08
2.09237e-08
2.09237e-08
2.09237e-08
2.09237e-08
2.09237e-08
2.09237e-08
2.09237e-08
2.09237e-08
2.09237e-08
2.09237e-08
2.09237e-08
2.09237e-08
2.09237e-08
2.09237e-08
2.09237e-08
2.09237e-08
2.09237e-08
2.09237e-08
2.09237e-08
2.09237e-08
2.09237e-08
2.09237e-08
2.09237e-08
2.09237e-08
2.09237e-08
2.09237e-08
2.09237e-08
2.09237e-08
2.09237e-08
2.09237e-08
2.09237e-08
2.09237e-08
2.09237e-08
2.09237e-08
2.09237e-08
2.09237e-08
2.09237e-08
2.09237e-08
2.09237e-08
2.09237e-08
2.09237e-08
2.09237e-08
2.09237e-08
2.09237e-08
2.09237e-08
2.09237e-08
2.09237e-08
2.09237e-08
2.09237e-08
2.09237e-08
2.09237e-08
2.09237e-08
2.09237e-08
2.09237e-08
2.09237e-08
2.09237e-08
2.09237e-08
2.09237e-08
2.09237e-08
2.09237e-08
2.09237e-08
2.09237e-08
2.09237e-08
2.09237e-08
2.09237e-08
2.09237e-08
2.09237e-08
2.09237e-08
2.09237e-08
2.09237e-08
2.09237e-08
2.09237e-08
2.09237e-08
2.09237e-08
2.09237e-08
2.09237e-08
2.09237e-08
2.09237e-08
2.09237e-08
2.09237e-08
2.09237e-08
2.09237e-08
2.09237e-08
2.09237e-08
2.09237e-08
2.09237e-08
2.09237e-08
2.09237e-08
2.09237e-08
2.09237e-08
2.09237e-08
2.09237e-08
2.09237e-08
2.09237e-08
2.09237e-08
2.09237e-08
2.09237e-08
2.09237e-08
2.09237e-08
2.09237e-08
2.09237e-08
2.09237e-08
2.09237e-08
2.09237e-08
2.09237e-08
2.09237e-08
2.09237e-08
2.09237e-08
2.09237e-08
2.09237e-08
2.09237e-08
2.09237e-08
2.09237e-08
2.09237e-08
2.09237e-08
2.09237e-08
2.09237e-08
2.09237e-08
2.09237e-08
2.09237e-08
2.09237e-08
2.09237e-08
2.09237e-08
2.09237e-08
2.09237e-08
2.09237e-08
2.09237e-08
2.09237e-08
2.09237e-08
2.09237e-08
2.09237e-08
2.09237e-08
2.09237e-08
2.09237e-08
2.09237e-08
2.09237e-08
2.09237e-08
2.09237e-08
2.09237e-08
2.09237e-08
2.09237e-08
2.09237e-08
2.09237e-08
2.09237e-08
2.09237e-08
2.09237e-08
2.09237e-08
2.09237e-08
2.09237e-08
2.09237e-08
2.09237e-08
2.09237e-08
2.09237e-08
2.09237e-08
2.09237e-08
2.09237e-08
2.09237e-08
2.09237e-08
2.09237e-08
2.09237e-08
2.09237e-08
2.09237e-08
2.09237e-08
2.09237e-08
2.09237e-08
2.09237e-08
2.09237e-08
2.09237e-08
2.09237e-08
2.09237e-08
2.09237e-08
2.09237e-08
2.09237e-08
2.09237e-08
2.09237e-08
2.09237e-08
2.09237e-08
2.09237e-08
2.09237e-08
2.09237e-08
2.09237e-08
2.09237e-08
2.09237e-08
2.09237e-08
2.09237e-08
2.09237e-08
2.09237e-08
2.09237e-08
2.09237e-08
2.09237e-08
2.09237e-08
2.09237e-08
2.09237e-08
2.09237e-08
2.09237e-08
2.09237e-08
2.09237e-08
2.09237e-08
2.09237e-08
2.09237e-08
2.09237e-08
2.09237e-08
2.09237e-08
2.09237e-08
2.09237e-08
2.09237e-08
2.09237e-08
2.09237e-08
2.09237e-08
2.09237e-08
2.09237e-08
2.09237e-08
2.09237e-08
2.09237e-08
2.09237e-08
2.09237e-08
2.09237e-08
2.09237e-08
2.09237e-08
2.09237e-08
2.09237e-08
2.09237e-08
2.09237e-08
2.09237e-08
2.09237e-08
2.09237e-08
2.09237e-08
2.09237e-08
2.09237e-08
2.09237e-08
2.09237e-08
2.09237e-08
2.09237e-08
2.09237e-08
2.09237e-08
2.09237e-08
2.09237e-08
2.09237e-08
2.09237e-08
2.09237e-08
2.09237e-08
2.09237e-08
2.09237e-08
2.09237e-08
2.09237e-08
2.09237e-08
2.09237e-08
2.09237e-08
2.09237e-08
2.09237e-08
2.09237e-08
2.09237e-08
2.09237e-08
2.09237e-08
2.09237e-08
2.09237e-08
2.09237e-08
2.09237e-08
2.09237e-08
2.09237e-08
2.09237e-08
2.09237e-08
2.09237e-08
2.09237e-08
2.09237e-08
2.09237e-08
2.09237e-08
2.09237e-08
2.09237e-08
2.09237e-08
2.09237e-08
2.09237e-08
2.09237e-08
2.09237e-08
2.09237e-08
2.09237e-08
2.09237e-08
2.09237e-08
2.09237e-08
2.09237e-08
2.09237e-08
2.09237e-08
2.09237e-08
2.09237e-08
2.09237e-08
2.09237e-08
2.09237e-08
2.09237e-08
2.09237e-08
2.09237e-08
2.09237e-08
2.09237e-08
2.09237e-08
2.09237e-08
2.09237e-08
2.09237e-08
2.09237e-08
2.09237e-08
2.09237e-08
2.09237e-08
2.09237e-08
2.09237e-08
2.09237e-08
2.09237e-08
2.09237e-08
2.09237e-08
2.09237e-08
2.09237e-08
2.09237e-08
2.09237e-08
2.09237e-08
2.09237e-08
2.09237e-08
2.09237e-08
2.09237e-08
2.09237e-08
2.09237e-08
2.09237e-08
2.09237e-08
2.09237e-08
2.09237e-08
2.09237e-08
2.09237e-08
2.09237e-08
2.09237e-08
2.09237e-08
2.09237e-08
2.09237e-08
2.09237e-08
2.09237e-08
2.09237e-08
2.09237e-08
2.09237e-08
2.09237e-08
2.09237e-08
2.09237e-08
2.09237e-08
2.09237e-08
2.09237e-08
2.09237e-08
2.09237e-08
2.09237e-08
2.09237e-08
2.09237e-08
2.09237e-08
2.09237e-08
2.09237e-08
2.09237e-08
2.09237e-08
2.09237e-08
2.09237e-08
2.09237e-08
2.09237e-08
2.09237e-08
2.09237e-08
2.09237e-08
2.09237e-08
2.09237e-08
2.09237e-08
2.09237e-08
2.09237e-08
2.09237e-08
2.09237e-08
2.09237e-08
2.09237e-08
2.09237e-08
2.09237e-08
2.09237e-08
2.09237e-08
2.09237e-08
2.09237e-08
2.09237e-08
2.09237e-08
2.09237e-08
2.09237e-08
2.09237e-08
2.09237e-08
2.09237e-08
2.09237e-08
2.09237e-08
2.09237e-08
2.09237e-08
2.09237e-08
2.09237e-08
2.09237e-08
2.09237e-08
2.09237e-08
2.09237e-08
2.09237e-08
2.09237e-08
2.09237e-08
2.09237e-08
2.09237e-08
2.09237e-08
2.09237e-08
2.09237e-08
2.09237e-08
2.09237e-08
2.09237e-08
2.09237e-08
2.09237e-08
2.09237e-08
2.09237e-08
2.09237e-08
2.09237e-08
2.09237e-08
2.09237e-08
2.09237e-08
2.09237e-08
2.09237e-08
2.09237e-08
2.09237e-08
2.09237e-08
2.09237e-08
2.09237e-08
2.09237e-08
2.09237e-08
2.09237e-08
2.09237e-08
2.09237e-08
2.09237e-08
2.09237e-08
2.09237e-08
2.09237e-08
2.09237e-08
2.09237e-08
2.09237e-08
2.09237e-08
2.09237e-08
2.09237e-08
2.09237e-08
2.09237e-08
2.09237e-08
2.09237e-08
2.09237e-08
2.09237e-08
2.09237e-08
2.09237e-08
2.09237e-08
2.09237e-08
2.09237e-08
2.09237e-08
2.09237e-08
2.09237e-08
2.09237e-08
2.09237e-08
2.09237e-08
2.09237e-08
2.09237e-08
2.09237e-08
2.09237e-08
2.09237e-08
2.09237e-08
2.09237e-08
2.09237e-08
2.09237e-08
2.09237e-08
2.09237e-08
2.09237e-08
2.09237e-08
2.09237e-08
2.09237e-08
2.09237e-08
2.09237e-08
2.09237e-08
2.09237e-08
2.09237e-08
2.09237e-08
2.09237e-08
2.09237e-08
2.09237e-08
2.09237e-08
2.09237e-08
2.09237e-08
2.09237e-08
2.09237e-08
2.09237e-08
2.09237e-08
2.09237e-08
2.09237e-08
2.09237e-08
2.09237e-08
2.09237e-08
2.09237e-08
2.09237e-08
2.09237e-08
2.09237e-08
2.09237e-08
2.09237e-08
2.09237e-08
2.09237e-08
2.09237e-08
2.09237e-08
2.09237e-08
2.09237e-08
2.09237e-08
2.09237e-08
2.09237e-08
2.09237e-08
2.09237e-08
2.09237e-08
2.09237e-08
2.09237e-08
2.09237e-08
2.09237e-08
2.09237e-08
2.09237e-08
2.09237e-08
2.09237e-08
2.09237e-08
2.09237e-08
2.09237e-08
2.09237e-08
2.09237e-08
2.09237e-08
2.09237e-08
2.09237e-08
2.09237e-08
2.09237e-08
2.09237e-08
2.09237e-08
2.09237e-08
2.09237e-08
2.09237e-08
2.09237e-08
2.09237e-08
2.09237e-08
2.09237e-08
2.09237e-08
2.09237e-08
2.09237e-08
2.09237e-08
2.09237e-08
2.09237e-08
2.09237e-08
2.09237e-08
2.09237e-08
2.09237e-08
2.09237e-08
2.09237e-08
2.09237e-08
2.09237e-08
2.09237e-08
2.09237e-08
2.09237e-08
2.09237e-08
2.09237e-08
2.09237e-08
2.09237e-08
2.09237e-08
2.09237e-08
2.09237e-08
2.09237e-08
2.09237e-08
2.09237e-08
2.09237e-08
2.09237e-08
2.09237e-08
2.09237e-08
2.09237e-08
2.09237e-08
2.09237e-08
2.09237e-08
2.09237e-08
2.09237e-08
2.09237e-08
2.09237e-08
2.09237e-08
2.09237e-08
2.09237e-08
2.09237e-08
2.09237e-08
2.09237e-08
2.09237e-08
2.09237e-08
2.09237e-08
2.09237e-08
2.09237e-08
2.09237e-08
2.09237e-08
2.09237e-08
2.09237e-08
2.09237e-08
2.09237e-08
2.09237e-08
2.09237e-08
2.09237e-08
2.09237e-08
2.09237e-08
2.09237e-08
2.09237e-08
2.09237e-08
2.09237e-08
2.09237e-08
2.09237e-08
2.09237e-08
2.09237e-08
2.09237e-08
2.09237e-08
2.09237e-08
2.09237e-08
2.09237e-08
2.09237e-08
2.09237e-08
2.09237e-08
2.09237e-08
2.09237e-08
2.09237e-08
2.09237e-08
2.09237e-08
2.09237e-08
2.09237e-08
2.09237e-08
2.09237e-08
2.09237e-08
2.09237e-08
2.09237e-08
2.09237e-08
2.09237e-08
2.09237e-08
2.09237e-08
2.09237e-08
2.09237e-08
2.09237e-08
2.09237e-08
2.09237e-08
2.09237e-08
2.09237e-08
2.09237e-08
2.09237e-08
2.09237e-08
2.09237e-08
2.09237e-08
2.09237e-08
2.09237e-08
2.09237e-08
2.09237e-08
2.09237e-08
2.09237e-08
2.09237e-08
2.09237e-08
2.09237e-08
2.09237e-08
2.09237e-08
2.09237e-08
2.09237e-08
2.09237e-08
2.09237e-08
2.09237e-08
2.09237e-08
2.09237e-08
2.09237e-08
2.09237e-08
2.09237e-08
2.09237e-08
2.09237e-08
2.09237e-08
2.09237e-08
2.09237e-08
2.09237e-08
2.09237e-08
2.09237e-08
2.09237e-08
2.09237e-08
2.09237e-08
2.09237e-08
2.09237e-08
2.09237e-08
2.09237e-08
2.09237e-08
2.09237e-08
2.09237e-08
2.09237e-08
2.09237e-08
2.09237e-08
2.09237e-08
2.09237e-08
2.09237e-08
2.09237e-08
2.09237e-08
2.09237e-08
2.09237e-08
2.09237e-08
2.09237e-08
2.09237e-08
2.09237e-08
2.09237e-08
2.09237e-08
2.09237e-08
2.09237e-08
2.09237e-08
2.09237e-08
2.09237e-08
2.09237e-08
2.09237e-08
2.09237e-08
2.09237e-08
2.09237e-08
2.09237e-08
2.09237e-08
2.09237e-08
2.09237e-08
2.09237e-08
2.09237e-08
2.09237e-08
2.09237e-08
2.09237e-08
2.09237e-08
2.09237e-08
2.09237e-08
2.09237e-08
2.09237e-08
2.09237e-08
2.09237e-08
2.09237e-08
2.09237e-08
2.09237e-08
2.09237e-08
2.09237e-08
2.09237e-08
2.09237e-08
2.09237e-08
2.09237e-08
2.09237e-08
2.09237e-08
2.09237e-08
2.09237e-08
2.09237e-08
2.09237e-08
2.09237e-08
2.09237e-08
2.09237e-08
2.09237e-08
2.09237e-08
2.09237e-08
2.09237e-08
2.09237e-08
2.09237e-08
2.09237e-08
2.09237e-08
2.09237e-08
2.09237e-08
2.09237e-08
2.09237e-08
2.09237e-08
2.09237e-08
2.09237e-08
2.09237e-08
2.09237e-08
2.09237e-08
2.09237e-08
2.09237e-08
2.09237e-08
2.09237e-08
2.09237e-08
2.09237e-08
2.09237e-08
2.09237e-08
2.09237e-08
2.09237e-08
2.09237e-08
2.09237e-08
2.09237e-08
2.09237e-08
2.09237e-08
2.09237e-08
2.09237e-08
2.09237e-08
2.09237e-08
2.09237e-08
2.09237e-08
2.09237e-08
2.09237e-08
2.09237e-08
2.09237e-08
2.09237e-08
2.09237e-08
2.09237e-08
2.09237e-08
2.09237e-08
2.09237e-08
2.09237e-08
2.09237e-08
2.09237e-08
2.09237e-08
2.09237e-08
2.09237e-08
2.09237e-08
2.09237e-08
2.09237e-08
2.09237e-08
2.09237e-08
2.09237e-08
2.09237e-08
2.09237e-08
2.09237e-08
2.09237e-08
2.09237e-08
2.09237e-08
2.09237e-08
2.09237e-08
2.09237e-08
2.09237e-08
2.09237e-08
2.09237e-08
2.09237e-08
2.09237e-08
2.09237e-08
2.09237e-08
2.09237e-08
2.09237e-08
2.09237e-08
2.09237e-08
2.09237e-08
2.09237e-08
2.09237e-08
2.09237e-08
2.09237e-08
2.09237e-08
2.09237e-08
2.09237e-08
2.09237e-08
2.09237e-08
2.09237e-08
2.09237e-08
2.09237e-08
2.09237e-08
2.09237e-08
2.09237e-08
2.09237e-08
2.09237e-08
2.09237e-08
2.09237e-08
2.09237e-08
2.09237e-08
2.09237e-08
2.09237e-08
2.09237e-08
2.09237e-08
2.09237e-08
2.09237e-08
2.09237e-08
2.09237e-08
2.09237e-08
2.09237e-08
2.09237e-08
2.09237e-08
2.09237e-08
2.09237e-08
2.09237e-08
2.09237e-08
2.09237e-08
2.09237e-08
2.09237e-08
2.09237e-08
2.09237e-08
2.09237e-08
2.09237e-08
2.09237e-08
2.09237e-08
2.09237e-08
2.09237e-08
2.09237e-08
2.09237e-08
2.09237e-08
2.09237e-08
2.09237e-08
2.09237e-08
2.09237e-08
2.09237e-08
2.09237e-08
2.09237e-08
2.09237e-08
2.09237e-08
2.09237e-08
2.09237e-08
2.09237e-08
2.09237e-08
2.09237e-08
2.09237e-08
2.09237e-08
2.09237e-08
2.09237e-08
2.09237e-08
2.09237e-08
2.09237e-08
2.09237e-08
2.09237e-08
2.09237e-08
2.09237e-08
2.09237e-08
2.09237e-08
2.09237e-08
2.09237e-08
2.09237e-08
2.09237e-08
2.09237e-08
2.09237e-08
2.09237e-08
2.09237e-08
2.09237e-08
2.09237e-08
2.09237e-08
2.09237e-08
2.09237e-08
2.09237e-08
2.09237e-08
2.09237e-08
2.09237e-08
2.09237e-08
2.09237e-08
2.09237e-08
2.09237e-08
2.09237e-08
2.09237e-08
2.09237e-08
2.09237e-08
2.09237e-08
2.09237e-08
2.09237e-08
2.09237e-08
2.09237e-08
2.09237e-08
2.09237e-08
2.09237e-08
2.09237e-08
2.09237e-08
2.09237e-08
2.09237e-08
2.09237e-08
2.09237e-08
2.09237e-08
2.09237e-08
2.09237e-08
2.09237e-08
2.09237e-08
2.09237e-08
2.09237e-08
2.09237e-08
2.09237e-08
2.09237e-08
2.09237e-08
2.09237e-08
2.09237e-08
2.09237e-08
2.09237e-08
2.09237e-08
2.09237e-08
2.09237e-08
2.09237e-08
2.09237e-08
2.09237e-08
2.09237e-08
2.09237e-08
2.09237e-08
2.09237e-08
2.09237e-08
2.09237e-08
2.09237e-08
2.09237e-08
2.09237e-08
2.09237e-08
2.09237e-08
2.09237e-08
2.09237e-08
2.09237e-08
2.09237e-08
2.09237e-08
2.09237e-08
2.09237e-08
2.09237e-08
2.09237e-08
2.09237e-08
2.09237e-08
2.09237e-08
2.09237e-08
2.09237e-08
2.09237e-08
2.09237e-08
2.09237e-08
2.09237e-08
2.09237e-08
2.09237e-08
2.09237e-08
2.09237e-08
2.09237e-08
2.09237e-08
2.09237e-08
2.09237e-08
2.09237e-08
2.09237e-08
2.09237e-08
2.09237e-08
2.09237e-08
2.09237e-08
2.09237e-08
2.09237e-08
2.09237e-08
2.09237e-08
2.09237e-08
2.09237e-08
2.09237e-08
2.09237e-08
2.09237e-08
2.09237e-08
2.09237e-08
2.09237e-08
2.09237e-08
2.09237e-08
2.09237e-08
2.09237e-08
2.09237e-08
2.09237e-08
2.09237e-08
2.09237e-08
2.09237e-08
2.09237e-08
2.09237e-08
2.09237e-08
2.09237e-08
2.09237e-08
2.09237e-08
2.09237e-08
2.09237e-08
2.09237e-08
2.09237e-08
2.09237e-08
2.09237e-08
2.09237e-08
2.09237e-08
2.09237e-08
2.09237e-08
2.09237e-08
2.09237e-08
2.09237e-08
2.09237e-08
2.09237e-08
2.09237e-08
2.09237e-08
2.09237e-08
2.09237e-08
2.09237e-08
2.09237e-08
2.09237e-08
2.09237e-08
2.09237e-08
2.09237e-08
2.09237e-08
2.09237e-08
2.09237e-08
2.09237e-08
2.09237e-08
2.09237e-08
2.09237e-08
2.09237e-08
2.09237e-08
2.09237e-08
2.09237e-08
2.09237e-08
2.09237e-08
2.09237e-08
2.09237e-08
2.09237e-08
2.09237e-08
2.09237e-08
2.09237e-08
2.09237e-08
2.09237e-08
2.09237e-08
2.09237e-08
2.09237e-08
2.09237e-08
2.09237e-08
2.09237e-08
2.09237e-08
2.09237e-08
2.09237e-08
2.09237e-08
2.09237e-08
2.09237e-08
2.09237e-08
2.09237e-08
2.09237e-08
2.09237e-08
2.09237e-08
2.09237e-08
2.09237e-08
2.09237e-08
2.09237e-08
2.09237e-08
2.09237e-08
2.09237e-08
2.09237e-08
2.09237e-08
2.09237e-08
2.09237e-08
2.09237e-08
2.09237e-08
2.09237e-08
2.09237e-08
2.09237e-08
2.09237e-08
2.09237e-08
2.09237e-08
2.09237e-08
2.09237e-08
2.09237e-08
2.09237e-08
2.09237e-08
2.09237e-08
2.09237e-08
2.09237e-08
2.09237e-08
2.09237e-08
2.09237e-08
2.09237e-08
2.09237e-08
2.09237e-08
2.09237e-08
2.09237e-08
2.09237e-08
2.09237e-08
2.09237e-08
2.09237e-08
2.09237e-08
2.09237e-08
2.09237e-08
2.09237e-08
2.09237e-08
2.09237e-08
2.09237e-08
2.09237e-08
2.09237e-08
2.09237e-08
2.09237e-08
2.09237e-08
2.09237e-08
2.09237e-08
2.09237e-08
2.09237e-08
2.09237e-08
2.09237e-08
2.09237e-08
2.09237e-08
2.09237e-08
2.09237e-08
2.09237e-08
2.09237e-08
2.09237e-08
2.09237e-08
2.09237e-08
2.09237e-08
2.09237e-08
2.09237e-08
2.09237e-08
2.09237e-08
2.09237e-08
2.09237e-08
2.09237e-08
2.09237e-08
2.09237e-08
2.09237e-08
2.09237e-08
2.09237e-08
2.09237e-08
2.09237e-08
2.09237e-08
2.09237e-08
2.09237e-08
2.09237e-08
2.09237e-08
2.09237e-08
2.09237e-08
2.09237e-08
2.09237e-08
2.09237e-08
2.09237e-08
2.09237e-08
2.09237e-08
2.09237e-08
2.09237e-08
2.09237e-08
2.09237e-08
2.09237e-08
2.09237e-08
2.09237e-08
2.09237e-08
2.09237e-08
2.09237e-08
2.09237e-08
2.09237e-08
2.09237e-08
2.09237e-08
2.09237e-08
2.09237e-08
2.09237e-08
2.09237e-08
2.09237e-08
2.09237e-08
2.09237e-08
2.09237e-08
2.09237e-08
2.09237e-08
2.09237e-08
2.09237e-08
2.09237e-08
2.09237e-08
2.09237e-08
2.09237e-08
2.09237e-08
2.09237e-08
2.09237e-08
2.09237e-08
2.09237e-08
2.09237e-08
2.09237e-08
2.09237e-08
2.09237e-08
2.09237e-08
2.09237e-08
2.09237e-08
2.09237e-08
2.09237e-08
2.09237e-08
2.09237e-08
2.09237e-08
2.09237e-08
2.09237e-08
2.09237e-08
2.09237e-08
2.09237e-08
2.09237e-08
2.09237e-08
2.09237e-08
2.09237e-08
2.09237e-08
2.09237e-08
2.09237e-08
2.09237e-08
2.09237e-08
2.09237e-08
2.09237e-08
2.09237e-08
2.09237e-08
2.09237e-08
2.09237e-08
2.09237e-08
2.09237e-08
2.09237e-08
2.09237e-08
2.09237e-08
2.09237e-08
2.09237e-08
2.09237e-08
2.09237e-08
2.09237e-08
2.09237e-08
2.09237e-08
2.09237e-08
2.09237e-08
2.09237e-08
2.09237e-08
2.09237e-08
2.09237e-08
2.09237e-08
2.09237e-08
2.09237e-08
2.09237e-08
2.09237e-08
2.09237e-08
2.09237e-08
2.09237e-08
2.09237e-08
2.09237e-08
2.09237e-08
2.09237e-08
2.09237e-08
2.09237e-08
2.09237e-08
2.09237e-08
2.09237e-08
2.09237e-08
2.09237e-08
2.09237e-08
2.09237e-08
2.09237e-08
2.09237e-08
2.09237e-08
2.09237e-08
2.09237e-08
2.09237e-08
2.09237e-08
2.09237e-08
2.09237e-08
2.09237e-08
2.09237e-08
2.09237e-08
2.09237e-08
2.09237e-08
2.09237e-08
2.09237e-08
2.09237e-08
2.09237e-08
2.09237e-08
2.09237e-08
2.09237e-08
2.09237e-08
2.09237e-08
2.09237e-08
2.09237e-08
2.09237e-08
2.09237e-08
2.09237e-08
2.09237e-08
2.09237e-08
2.09237e-08
2.09237e-08
2.09237e-08
2.09237e-08
2.09237e-08
2.09237e-08
2.09237e-08
2.09237e-08
2.09237e-08
2.09237e-08
2.09237e-08
2.09237e-08
2.09237e-08
2.09237e-08
2.09237e-08
2.09237e-08
2.09237e-08
2.09237e-08
2.09237e-08
2.09237e-08
2.09237e-08
2.09237e-08
2.09237e-08
2.09237e-08
2.09237e-08
2.09237e-08
2.09237e-08
2.09237e-08
2.09237e-08
2.09237e-08
2.09237e-08
2.09237e-08
2.09237e-08
2.09237e-08
2.09237e-08
2.09237e-08
2.09237e-08
2.09237e-08
2.09237e-08
2.09237e-08
2.09237e-08
2.09237e-08
2.09237e-08
2.09237e-08
2.09237e-08
2.09237e-08
2.09237e-08
2.09237e-08
2.09237e-08
2.09237e-08
2.09237e-08
2.09237e-08
2.09237e-08
2.09237e-08
2.09237e-08
2.09237e-08
2.09237e-08
2.09237e-08
2.09237e-08
2.09237e-08
2.09237e-08
2.09237e-08
2.09237e-08
2.09237e-08
2.09237e-08
2.09237e-08
2.09237e-08
2.09237e-08
2.09237e-08
2.09237e-08
2.09237e-08
2.09237e-08
2.09237e-08
2.09237e-08
2.09237e-08
2.09237e-08
2.09237e-08
2.09237e-08
2.09237e-08
2.09237e-08
2.09237e-08
2.09237e-08
2.09237e-08
2.09237e-08
2.09237e-08
2.09237e-08
2.09237e-08
2.09237e-08
2.09237e-08
2.09237e-08
2.09237e-08
2.09237e-08
2.09237e-08
2.09237e-08
2.09237e-08
2.09237e-08
2.09237e-08
2.09237e-08
2.09237e-08
2.09237e-08
2.09237e-08
2.09237e-08
2.09237e-08
2.09237e-08
2.09237e-08
2.09237e-08
2.09237e-08
2.09237e-08
2.09237e-08
2.09237e-08
2.09237e-08
2.09237e-08
2.09237e-08
2.09237e-08
2.09237e-08
2.09237e-08
2.09237e-08
2.09237e-08
2.09237e-08
2.09237e-08
2.09237e-08
2.09237e-08
2.09237e-08
2.09237e-08
2.09237e-08
2.09237e-08
2.09237e-08
2.09237e-08
2.09237e-08
2.09237e-08
2.09237e-08
2.09237e-08
2.09237e-08
2.09237e-08
2.09237e-08
2.09237e-08
2.09237e-08
2.09237e-08
2.09237e-08
2.09237e-08
2.09237e-08
2.09237e-08
2.09237e-08
2.09237e-08
2.09237e-08
2.09237e-08
2.09237e-08
2.09237e-08
2.09237e-08
2.09237e-08
2.09237e-08
2.09237e-08
2.09237e-08
2.09237e-08
2.09237e-08
2.09237e-08
2.09237e-08
2.09237e-08
2.09237e-08
2.09237e-08
2.09237e-08
2.09237e-08
2.09237e-08
2.09237e-08
2.09237e-08
2.09237e-08
2.09237e-08
2.09237e-08
2.09237e-08
2.09237e-08
2.09237e-08
2.09237e-08
2.09237e-08
2.09237e-08
2.09237e-08
2.09237e-08
2.09237e-08
2.09237e-08
2.09237e-08
2.09237e-08
2.09237e-08
2.09237e-08
2.09237e-08
2.09237e-08
2.09237e-08
2.09237e-08
2.09237e-08
2.09237e-08
2.09237e-08
2.09237e-08
2.09237e-08
2.09237e-08
2.09237e-08
2.09237e-08
2.09237e-08
2.09237e-08
2.09237e-08
2.09237e-08
2.09237e-08
2.09237e-08
2.09237e-08
2.09237e-08
2.09237e-08
2.09237e-08
2.09237e-08
2.09237e-08
2.09237e-08
2.09237e-08
2.09237e-08
2.09237e-08
2.09237e-08
2.09237e-08
2.09237e-08
2.09237e-08
2.09237e-08
2.09237e-08
2.09237e-08
2.09237e-08
2.09237e-08
2.09237e-08
2.09237e-08
2.09237e-08
2.09237e-08
2.09237e-08
2.09237e-08
2.09237e-08
2.09237e-08
2.09237e-08
2.09237e-08
2.09237e-08
2.09237e-08
2.09237e-08
2.09237e-08
2.09237e-08
2.09237e-08
2.09237e-08
2.09237e-08
2.09237e-08
2.09237e-08
2.09237e-08
2.09237e-08
2.09237e-08
2.09237e-08
2.09237e-08
2.09237e-08
2.09237e-08
2.09237e-08
2.09237e-08
2.09237e-08
2.09237e-08
2.09237e-08
2.09237e-08
2.09237e-08
2.09237e-08
2.09237e-08
2.09237e-08
2.09237e-08
2.09237e-08
2.09237e-08
2.09237e-08
2.09237e-08
2.09237e-08
2.09237e-08
2.09237e-08
2.09237e-08
2.09237e-08
2.09237e-08
2.09237e-08
2.09237e-08
2.09237e-08
2.09237e-08
2.09237e-08
2.09237e-08
2.09237e-08
2.09237e-08
2.09237e-08
2.09237e-08
2.09237e-08
2.09237e-08
2.09237e-08
2.09237e-08
2.09237e-08
2.09237e-08
2.09237e-08
2.09237e-08
2.09237e-08
2.09237e-08
2.09237e-08
2.09237e-08
2.09237e-08
2.09237e-08
2.09237e-08
2.09237e-08
2.09237e-08
2.09237e-08
2.09237e-08
2.09237e-08
2.09237e-08
2.09237e-08
2.09237e-08
2.09237e-08
2.09237e-08
2.09237e-08
2.09237e-08
2.09237e-08
2.09237e-08
2.09237e-08
2.09237e-08
2.09237e-08
2.09237e-08
2.09237e-08
2.09237e-08
2.09237e-08
2.09237e-08
2.09237e-08
2.09237e-08
2.09237e-08
2.09237e-08
2.09237e-08
2.09237e-08
2.09237e-08
2.09237e-08
2.09237e-08
2.09237e-08
2.09237e-08
2.09237e-08
2.09237e-08
2.09237e-08
2.09237e-08
2.09237e-08
2.09237e-08
2.09237e-08
2.09237e-08
2.09237e-08
2.09237e-08
2.09237e-08
2.09237e-08
2.09237e-08
2.09237e-08
2.09237e-08
2.09237e-08
2.09237e-08
2.09237e-08
2.09237e-08
2.09237e-08
2.09237e-08
2.09237e-08
2.09237e-08
2.09237e-08
2.09237e-08
2.09237e-08
2.09237e-08
2.09237e-08
2.09237e-08
2.09237e-08
2.09237e-08
2.09237e-08
2.09237e-08
2.09237e-08
2.09237e-08
2.09237e-08
2.09237e-08
2.09237e-08
2.09237e-08
2.09237e-08
2.09237e-08
2.09237e-08
2.09237e-08
2.09237e-08
2.09237e-08
2.09237e-08
2.09237e-08
2.09237e-08
2.09237e-08
2.09237e-08
2.09237e-08
2.09237e-08
2.09237e-08
2.09237e-08
2.09237e-08
2.09237e-08
2.09237e-08
2.09237e-08
2.09237e-08
2.09237e-08
2.09237e-08
2.09237e-08
2.09237e-08
Residual: 
0.180141
0.179924
0.179707
0.179491
0.179274
0.179058
0.178843
0.178627
0.178412
0.178197
0.177983
0.177768
0.177554
0.17734
0.177127
0.176913
0.1767
0.176487
0.176275
0.176062
0.17585
0.175638
0.175427
0.175216
0.175005
0.174794
0.174583
0.174373
0.174163
0.173953
0.173744
0.173534
0.173325
0.173116
0.172908
0.1727
0.172492
0.172284
0.172076
0.171869
0.171662
0.171455
0.171249
0.171042
0.170836
0.170631
0.170425
0.17022
0.170015
0.16981
0.169605
0.169401
0.169197
0.168993
0.16879
0.168586
0.168383
0.16818
0.167978
0.167776
0.167573
0.167372
0.16717
0.166969
0.166768
0.166567
0.166366
0.166166
0.165965
0.165766
0.165566
0.165366
0.165167
0.164968
0.16477
0.164571
0.164373
0.164175
0.163977
0.16378
0.163582
0.163385
0.163189
0.162992
0.162796
0.1626
0.162404
0.162208
0.162013
0.161818
0.161623
0.161428
0.161233
0.161039
0.160845
0.160652
0.160458
0.160265
0.160072
0.159879
0.159686
0.159494
0.159302
0.15911
0.158918
0.158727
0.158536
0.158345
0.158154
0.157964
0.157773
0.157583
0.157393
0.157204
0.157014
0.156825
0.156636
0.156448
0.156259
0.156071
0.155883
0.155695
0.155508
0.15532
0.155133
0.154947
0.15476
0.154573
0.154387
0.154201
0.154016
0.15383
0.153645
0.15346
0.153275
0.15309
0.152906
0.152722
0.152538
0.152354
0.15217
0.151987
0.151804
0.151621
0.151439
0.151256
0.151074
0.150892
0.15071
0.150529
0.150347
0.150166
0.149985
0.149805
0.149624
0.149444
0.149264
0.149084
0.148905
0.148725
0.148546
0.148367
0.148189
0.14801
0.147832
0.147654
0.147476
0.147298
0.147121
0.146944
0.146767
0.14659
0.146413
0.146237
0.146061
0.145885
0.145709
0.145534
0.145358
0.145183
0.145008
0.144834
0.144659
0.144485
0.144311
0.144137
0.143963
0.14379
0.143617
0.143444
0.143271
0.143098
0.142926
0.142754
0.142582
0.14241
0.142239
0.142067
0.141896
0.141725
0.141554
0.141384
0.141214
0.141044
0.140874
0.140704
0.140535
0.140365
0.140196
0.140027
0.139859
0.13969
0.139522
0.139354
0.139186
0.139018
0.138851
0.138684
0.138517
0.13835
0.138183
0.138017
0.13785
0.137684
0.137519
0.137353
0.137187
0.137022
0.136857
0.136692
0.136528
0.136363
0.136199
0.136035
0.135871
0.135707
0.135544
0.135381
0.135218
0.135055
0.134892
0.13473
0.134567
0.134405
0.134243
0.134082
0.13392
0.133759
0.133598
0.133437
0.133276
0.133115
0.132955
0.132795
0.132635
0.132475
0.132316
0.132156
0.131997
0.131838
0.131679
0.131521
0.131362
0.131204
0.131046
0.130888
0.13073
0.130573
0.130416
0.130259
0.130102
0.129945
0.129788
0.129632
0.129476
0.12932
0.129164
0.129009
0.128853
0.128698
0.128543
0.128388
0.128234
0.128079
0.127925
0.127771
0.127617
0.127463
0.12731
0.127156
0.127003
0.12685
0.126697
0.126545
0.126392
0.12624
0.126088
0.125936
0.125784
0.125633
0.125482
0.12533
0.125179
0.125029
0.124878
0.124728
0.124577
0.124427
0.124277
0.124128
0.123978
0.123829
0.12368
0.123531
0.123382
0.123233
0.123085
0.122937
0.122789
0.122641
0.122493
0.122345
0.122198
0.122051
0.121904
0.121757
0.12161
0.121464
0.121318
0.121171
0.121025
0.12088
0.120734
0.120589
0.120443
0.120298
0.120153
0.120009
0.119864
0.11972
0.119576
0.119431
0.119288
0.119144
0.119
0.118857
0.118714
0.118571
0.118428
0.118285
0.118143
0.118001
0.117859
0.117717
0.117575
0.117433
0.117292
0.11715
0.117009
0.116868
0.116728
0.116587
0.116447
0.116306
0.116166
0.116026
0.115887
0.115747
0.115608
0.115468
0.115329
0.11519
0.115051
0.114913
0.114774
0.114636
0.114498
0.11436
0.114223
0.114085
0.113948
0.11381
0.113673
0.113536
0.113399
0.113263
0.113126
0.11299
0.112854
0.112718
0.112582
0.112447
0.112311
0.112176
0.112041
0.111906
0.111771
0.111637
0.111502
0.111368
0.111234
0.1111
0.110966
0.110832
0.110699
0.110565
0.110432
0.110299
0.110166
0.110034
0.109901
0.109769
0.109636
0.109504
0.109373
0.109241
0.109109
0.108978
0.108846
0.108715
0.108584
0.108454
0.108323
0.108192
0.108062
0.107932
0.107802
0.107672
0.107542
0.107413
0.107284
0.107154
0.107025
0.106896
0.106768
0.106639
0.106511
0.106382
0.106254
0.106126
0.105998
0.105871
0.105743
0.105616
0.105488
0.105361
0.105234
0.105108
0.104981
0.104855
0.104728
0.104602
0.104476
0.10435
0.104225
0.104099
0.103974
0.103848
0.103723
0.103598
0.103474
0.103349
0.103225
0.1031
0.102976
0.102852
0.102728
0.102604
0.102481
0.102357
0.102234
0.102111
0.101988
0.101865
0.101742
0.10162
0.101497
0.101375
0.101253
0.101131
0.101009
0.100888
0.100766
0.100645
0.100523
0.100402
0.100281
0.100161
0.10004
0.0999194
0.099799
0.0996788
0.0995588
0.0994388
0.0993191
0.0991994
0.0990799
0.0989606
0.0988414
0.0987223
0.0986034
0.0984846
0.098366
0.0982475
0.0981292
0.098011
0.0978929
0.097775
0.0976572
0.0975396
0.0974221
0.0973047
0.0971875
0.0970705
0.0969535
0.0968368
0.0967201
0.0966036
0.0964873
0.096371
0.0962549
0.096139
0.0960232
0.0959075
0.095792
0.0956766
0.0955614
0.0954463
0.0953313
0.0952165
0.0951018
0.0949872
0.0948728
0.0947585
0.0946444
0.0945304
0.0944165
0.0943028
0.0941892
0.0940758
0.0939624
0.0938493
0.0937362
0.0936233
0.0935105
0.0933979
0.0932854
0.093173
0.0930608
0.0929487
0.0928367
0.0927249
0.0926132
0.0925017
0.0923902
0.0922789
0.0921678
0.0920568
0.0919459
0.0918351
0.0917245
0.091614
0.0915037
0.0913935
0.0912834
0.0911734
0.0910636
0.0909539
0.0908443
0.0907349
0.0906256
0.0905165
0.0904074
0.0902985
0.0901898
0.0900811
0.0899726
0.0898643
0.089756
0.0896479
0.0895399
0.0894321
0.0893243
0.0892167
0.0891093
0.0890019
0.0888947
0.0887877
0.0886807
0.0885739
0.0884672
0.0883606
0.0882542
0.0881479
0.0880417
0.0879357
0.0878297
0.0877239
0.0876183
0.0875127
0.0874073
0.087302
0.0871969
0.0870918
0.0869869
0.0868822
0.0867775
0.086673
0.0865686
0.0864643
0.0863602
0.0862561
0.0861522
0.0860484
0.0859448
0.0858413
0.0857379
0.0856346
0.0855315
0.0854284
0.0853255
0.0852227
0.0851201
0.0850175
0.0849151
0.0848128
0.0847107
0.0846087
0.0845067
0.084405
0.0843033
0.0842017
0.0841003
0.083999
0.0838978
0.0837968
0.0836958
0.083595
0.0834943
0.0833938
0.0832933
0.083193
0.0830928
0.0829927
0.0828927
0.0827929
0.0826931
0.0825935
0.082494
0.0823947
0.0822954
0.0821963
0.0820973
0.0819984
0.0818996
0.081801
0.0817024
0.081604
0.0815057
0.0814075
0.0813095
0.0812116
0.0811137
0.081016
0.0809185
0.080821
0.0807236
0.0806264
0.0805293
0.0804323
0.0803354
0.0802386
0.080142
0.0800454
0.079949
0.0798527
0.0797565
0.0796605
0.0795645
0.0794687
0.0793729
0.0792773
0.0791818
0.0790864
0.0789912
0.078896
0.078801
0.0787061
0.0786113
0.0785166
0.078422
0.0783276
0.0782332
0.078139
0.0780449
0.0779509
0.077857
0.0777632
0.0776695
0.077576
0.0774825
0.0773892
0.077296
0.0772028
0.0771099
0.077017
0.0769242
0.0768315
0.076739
0.0766466
0.0765542
0.076462
0.0763699
0.0762779
0.0761861
0.0760943
0.0760026
0.0759111
0.0758196
0.0757283
0.0756371
0.075546
0.075455
0.0753641
0.0752733
0.0751827
0.0750921
0.0750017
0.0749113
0.0748211
0.074731
0.074641
0.0745511
0.0744613
0.0743716
0.074282
0.0741925
0.0741032
0.0740139
0.0739248
0.0738357
0.0737468
0.0736579
0.0735692
0.0734806
0.0733921
0.0733037
0.0732154
0.0731272
0.0730391
0.0729511
0.0728632
0.0727755
0.0726878
0.0726003
0.0725128
0.0724255
0.0723382
0.0722511
0.0721641
0.0720771
0.0719903
0.0719036
0.071817
0.0717305
0.0716441
0.0715578
0.0714716
0.0713855
0.0712995
0.0712136
0.0711279
0.0710422
0.0709566
0.0708712
0.0707858
0.0707005
0.0706154
0.0705303
0.0704454
0.0703605
0.0702757
0.0701911
0.0701065
0.0700221
0.0699378
0.0698535
0.0697694
0.0696853
0.0696014
0.0695176
0.0694338
0.0693502
0.0692666
0.0691832
0.0690999
0.0690167
0.0689335
0.0688505
0.0687676
0.0686847
0.068602
0.0685194
0.0684368
0.0683544
0.0682721
0.0681898
0.0681077
0.0680257
0.0679437
0.0678619
0.0677802
0.0676985
0.067617
0.0675355
0.0674542
0.0673729
0.0672918
0.0672107
0.0671297
0.0670489
0.0669681
0.0668875
0.0668069
0.0667264
0.066646
0.0665658
0.0664856
0.0664055
0.0663255
0.0662456
0.0661658
0.0660861
0.0660065
0.065927
0.0658476
0.0657683
0.065689
0.0656099
0.0655309
0.0654519
0.0653731
0.0652944
0.0652157
0.0651372
0.0650587
0.0649803
0.0649021
0.0648239
0.0647458
0.0646678
0.0645899
0.0645121
0.0644344
0.0643568
0.0642793
0.0642019
0.0641245
0.0640473
0.0639701
0.0638931
0.0638161
0.0637393
0.0636625
0.0635858
0.0635092
0.0634327
0.0633563
0.06328
0.0632037
0.0631276
0.0630516
0.0629756
0.0628998
0.062824
0.0627484
0.0626728
0.0625973
0.0625219
0.0624466
0.0623714
0.0622962
0.0622212
0.0621463
0.0620714
0.0619966
0.061922
0.0618474
0.0617729
0.0616984
0.0616241
0.0615499
0.0614758
0.0614017
0.0613278
0.0612539
0.0611801
0.0611064
0.0610328
0.0609593
0.0608859
0.0608126
0.0607393
0.0606662
0.0605931
0.0605201
0.0604472
0.0603744
0.0603017
0.060229
0.0601565
0.060084
0.0600117
0.0599394
0.0598672
0.059795
0.059723
0.0596511
0.0595792
0.0595075
0.0594358
0.0593642
0.0592927
0.0592213
0.05915
0.0590787
0.0590075
0.0589365
0.0588655
0.0587946
0.0587238
0.058653
0.0585824
0.0585118
0.0584413
0.058371
0.0583007
0.0582304
0.0581603
0.0580903
0.0580203
0.0579504
0.0578806
0.0578109
0.0577413
0.0576717
0.0576023
0.0575329
0.0574636
0.0573944
0.0573252
0.0572562
0.0571872
0.0571183
0.0570495
0.0569808
0.0569122
0.0568436
0.0567752
0.0567068
0.0566385
0.0565702
0.0565021
0.0564341
0.0563661
0.0562982
0.0562304
0.0561626
0.056095
0.0560274
0.0559599
0.0558925
0.0558252
0.0557579
0.0556908
0.0556237
0.0555567
0.0554898
0.0554229
0.0553562
0.0552895
0.0552229
0.0551564
0.0550899
0.0550236
0.0549573
0.0548911
0.054825
0.054759
0.054693
0.0546271
0.0545613
0.0544956
0.05443
0.0543644
0.0542989
0.0542335
0.0541682
0.0541029
0.0540378
0.0539727
0.0539077
0.0538427
0.0537779
0.0537131
0.0536484
0.0535838
0.0535192
0.0534548
0.0533904
0.0533261
0.0532618
0.0531977
0.0531336
0.0530696
0.0530057
0.0529418
0.0528781
0.0528144
0.0527508
0.0526872
0.0526238
0.0525604
0.052497
0.0524338
0.0523707
0.0523076
0.0522446
0.0521816
0.0521188
0.052056
0.0519933
0.0519307
0.0518681
0.0518056
0.0517432
0.0516809
0.0516186
0.0515565
0.0514944
0.0514323
0.0513704
0.0513085
0.0512467
0.051185
0.0511233
0.0510617
0.0510002
0.0509388
0.0508774
0.0508161
0.0507549
0.0506938
0.0506327
0.0505718
0.0505108
0.05045
0.0503892
0.0503285
0.0502679
0.0502074
0.0501469
0.0500865
0.0500262
0.0499659
0.0499057
0.0498456
0.0497856
0.0497256
0.0496657
0.0496059
0.0495461
0.0494865
0.0494269
0.0493673
0.0493078
0.0492485
0.0491891
0.0491299
0.0490707
0.0490116
0.0489526
0.0488936
0.0488347
0.0487759
0.0487172
0.0486585
0.0485999
0.0485413
0.0484829
0.0484245
0.0483662
0.0483079
0.0482497
0.0481916
0.0481336
0.0480756
0.0480177
0.0479599
0.0479021
0.0478444
0.0477868
0.0477292
0.0476717
0.0476143
0.047557
0.0474997
0.0474425
0.0473853
0.0473283
0.0472712
0.0472143
0.0471574
0.0471006
0.0470439
0.0469873
0.0469307
0.0468741
0.0468177
0.0467613
0.046705
0.0466487
0.0465925
0.0465364
0.0464803
0.0464244
0.0463684
0.0463126
0.0462568
0.0462011
0.0461455
0.0460899
0.0460343
0.0459789
0.0459235
0.0458682
0.0458129
0.0457578
0.0457026
0.0456476
0.0455926
0.0455377
0.0454828
0.0454281
0.0453733
0.0453187
0.0452641
0.0452096
0.0451551
0.0451007
0.0450464
0.0449921
0.0449379
0.0448838
0.0448298
0.0447758
0.0447218
0.044668
0.0446142
0.0445604
0.0445067
0.0444531
0.0443996
0.0443461
0.0442927
0.0442393
0.0441861
0.0441328
0.0440797
0.0440266
0.0439736
0.0439206
0.0438677
0.0438148
0.0437621
0.0437094
0.0436567
0.0436041
0.0435516
0.0434992
0.0434468
0.0433944
0.0433421
0.0432899
0.0432378
0.0431857
0.0431337
0.0430817
0.0430298
0.042978
0.0429262
0.0428745
0.0428229
0.0427713
0.0427198
0.0426683
0.0426169
0.0425656
0.0425143
0.0424631
0.0424119
0.0423609
0.0423098
0.0422589
0.042208
0.0421571
0.0421063
0.0420556
0.042005
0.0419544
0.0419038
0.0418534
0.041803
0.0417526
0.0417023
0.0416521
0.0416019
0.0415518
0.0415017
0.0414517
0.0414018
0.0413519
0.0413021
0.0412524
0.0412027
0.0411531
0.0411035
0.041054
0.0410045
0.0409551
0.0409058
0.0408565
0.0408073
0.0407582
0.0407091
0.0406601
0.0406111
0.0405622
0.0405133
0.0404645
0.0404158
0.0403671
0.0403185
0.0402699
0.0402214
0.0401729
0.0401246
0.0400762
0.0400279
0.0399797
0.0399316
0.0398835
0.0398354
0.0397874
0.0397395
0.0396916
0.0396438
0.0395961
0.0395484
0.0395007
0.0394532
0.0394057
0.0393582
0.0393108
0.0392634
0.0392161
0.0391689
0.0391217
0.0390746
0.0390275
0.0389805
0.0389336
0.0388867
0.0388398
0.0387931
0.0387463
0.0386997
0.038653
0.0386065
0.03856
0.0385135
0.0384671
0.0384208
0.0383745
0.0383283
0.0382821
0.038236
0.03819
0.038144
0.038098
0.0380521
0.0380063
0.0379605
0.0379148
0.0378691
0.0378235
0.0377779
0.0377324
0.037687
0.0376416
0.0375962
0.0375509
0.0375057
0.0374605
0.0374154
0.0373703
0.0373253
0.0372804
0.0372354
0.0371906
0.0371458
0.0371011
0.0370564
0.0370117
0.0369672
0.0369226
0.0368782
0.0368337
0.0367894
0.0367451
0.0367008
0.0366566
0.0366125
0.0365684
0.0365243
0.0364803
0.0364364
0.0363925
0.0363487
0.0363049
0.0362611
0.0362175
0.0361738
0.0361303
0.0360867
0.0360433
0.0359999
0.0359565
0.0359132
0.0358699
0.0358267
0.0357836
0.0357405
0.0356974
0.0356544
0.0356115
0.0355686
0.0355257
0.0354829
0.0354402
0.0353975
0.0353549
0.0353123
0.0352698
0.0352273
0.0351848
0.0351425
0.0351001
0.0350579
0.0350156
0.0349735
0.0349313
0.0348893
0.0348472
0.0348052
0.0347633
0.0347215
0.0346796
0.0346379
0.0345962
0.0345545
0.0345129
0.0344713
0.0344298
0.0343883
0.0343469
0.0343055
0.0342642
0.0342229
0.0341817
0.0341405
0.0340994
0.0340583
0.0340173
0.0339764
0.0339354
0.0338946
0.0338537
0.0338129
0.0337722
0.0337315
0.0336909
0.0336503
0.0336098
0.0335693
0.0335289
0.0334885
0.0334482
0.0334079
0.0333676
0.0333274
0.0332873
0.0332472
0.0332071
0.0331671
0.0331272
0.0330873
0.0330474
0.0330076
0.0329679
0.0329282
0.0328885
0.0328489
0.0328093
0.0327698
0.0327303
0.0326909
0.0326515
0.0326122
0.0325729
0.0325337
0.0324945
0.0324553
0.0324162
0.0323772
0.0323382
0.0322992
0.0322603
0.0322215
0.0321827
0.0321439
0.0321052
0.0320665
0.0320279
0.0319893
0.0319508
0.0319123
0.0318739
0.0318355
0.0317971
0.0317588
0.0317206
0.0316823
0.0316442
0.0316061
0.031568
0.03153
0.031492
0.0314541
0.0314162
0.0313784
0.0313406
0.0313028
0.0312651
0.0312274
0.0311898
0.0311523
0.0311147
0.0310772
0.0310398
0.0310024
0.0309651
0.0309278
0.0308905
0.0308533
0.0308162
0.0307791
0.030742
0.030705
0.030668
0.0306311
0.0305942
0.0305573
0.0305205
0.0304838
0.030447
0.0304104
0.0303737
0.0303371
0.0303006
0.0302641
0.0302277
0.0301912
0.0301549
0.0301186
0.0300823
0.030046
0.0300098
0.0299737
0.0299376
0.0299015
0.0298655
0.0298295
0.0297936
0.0297577
0.0297219
0.0296861
0.0296503
0.0296146
0.0295789
0.0295433
0.0295077
0.0294722
0.0294367
0.0294012
0.0293658
0.0293304
0.0292951
0.0292598
0.0292246
0.0291894
0.0291542
0.0291191
0.029084
0.029049
0.029014
0.028979
0.0289441
0.0289093
0.0288744
0.0288397
0.0288049
0.0287702
0.0287356
0.028701
0.0286664
0.0286318
0.0285973
0.0285629
0.0285285
0.0284941
0.0284598
0.0284255
0.0283913
0.0283571
0.0283229
0.0282888
0.0282547
0.0282207
0.0281867
0.0281527
0.0281188
0.0280849
0.0280511
0.0280173
0.0279836
0.0279499
0.0279162
0.0278826
0.027849
0.0278154
0.0277819
0.0277485
0.027715
0.0276817
0.0276483
0.027615
0.0275817
0.0275485
0.0275153
0.0274822
0.0274491
0.027416
0.027383
0.02735
0.0273171
0.0272842
0.0272513
0.0272185
0.0271857
0.0271529
0.0271202
0.0270876
0.027055
0.0270224
0.0269898
0.0269573
0.0269248
0.0268924
0.02686
0.0268277
0.0267953
0.0267631
0.0267308
0.0266986
0.0266665
0.0266344
0.0266023
0.0265702
0.0265382
0.0265063
0.0264743
0.0264424
0.0264106
0.0263788
0.026347
0.0263153
0.0262836
0.0262519
0.0262203
0.0261887
0.0261572
0.0261257
0.0260942
0.0260628
0.0260314
0.026
0.0259687
0.0259374
0.0259062
0.025875
0.0258438
0.0258127
0.0257816
0.0257505
0.0257195
0.0256885
0.0256576
0.0256267
0.0255958
0.025565
0.0255342
0.0255035
0.0254727
0.0254421
0.0254114
0.0253808
0.0253502
0.0253197
0.0252892
0.0252588
0.0252283
0.0251979
0.0251676
0.0251373
0.025107
0.0250768
0.0250466
0.0250164
0.0249862
0.0249561
0.0249261
0.0248961
0.0248661
0.0248361
0.0248062
0.0247763
0.0247465
0.0247167
0.0246869
0.0246572
0.0246275
0.0245978
0.0245682
0.0245386
0.024509
0.0244795
0.02445
0.0244206
0.0243912
0.0243618
0.0243324
0.0243031
0.0242738
0.0242446
0.0242154
0.0241862
0.0241571
0.024128
0.0240989
0.0240699
0.0240409
0.0240119
0.023983
0.0239541
0.0239253
0.0238965
0.0238677
0.0238389
0.0238102
0.0237815
0.0237529
0.0237243
0.0236957
0.0236672
0.0236386
0.0236102
0.0235817
0.0235533
0.023525
0.0234966
0.0234683
0.0234401
0.0234118
0.0233836
0.0233555
0.0233274
0.0232993
0.0232712
0.0232431
0.0232151
0.0231872
0.0231593
0.0231314
0.0231035
0.0230757
0.0230479
0.0230201
0.0229924
0.0229647
0.022937
0.0229094
0.0228818
0.0228543
0.0228267
0.0227992
0.0227718
0.0227443
0.022717
0.0226896
0.0226623
0.022635
0.0226077
0.0225805
0.0225533
0.0225261
0.022499
0.0224719
0.0224448
0.0224178
0.0223908
0.0223638
0.0223368
0.0223099
0.0222831
0.0222562
0.0222294
0.0222026
0.0221759
0.0221492
0.0221225
0.0220959
0.0220693
0.0220427
0.0220162
0.0219896
0.0219632
0.0219367
0.0219103
0.0218839
0.0218575
0.0218312
0.0218049
0.0217787
0.0217524
0.0217262
0.0217001
0.0216739
0.0216478
0.0216218
0.0215957
0.0215697
0.0215437
0.0215178
0.0214919
0.021466
0.0214401
0.0214143
0.0213885
0.0213627
0.021337
0.0213113
0.0212857
0.02126
0.0212344
0.0212088
0.0211833
0.0211578
0.0211323
0.0211068
0.0210814
0.021056
0.0210307
0.0210053
0.02098
0.0209547
0.0209295
0.0209043
0.0208791
0.020854
0.0208288
0.0208038
0.0207787
0.0207537
0.0207287
0.0207037
0.0206788
0.0206539
0.020629
0.0206041
0.0205793
0.0205545
0.0205298
0.020505
0.0204803
0.0204557
0.020431
0.0204064
0.0203818
0.0203573
0.0203328
0.0203083
0.0202838
0.0202594
0.020235
0.0202106
0.0201863
0.0201619
0.0201377
0.0201134
0.0200892
0.020065
0.0200408
0.0200167
0.0199926
0.0199685
0.0199444
0.0199204
0.0198964
0.0198725
0.0198485
0.0198246
0.0198007
0.0197769
0.0197531
0.0197293
0.0197055
0.0196818
0.0196581
0.0196344
0.0196108
0.0195872
0.0195636
0.01954
0.0195165
0.019493
0.0194695
0.019446
0.0194226
0.0193992
0.0193759
0.0193525
0.0193292
0.0193059
0.0192827
0.0192595
0.0192363
0.0192131
0.01919
0.0191668
0.0191438
0.0191207
0.0190977
0.0190747
0.0190517
0.0190287
0.0190058
0.0189829
0.0189601
0.0189372
0.0189144
0.0188916
0.0188689
0.0188462
0.0188235
0.0188008
0.0187781
0.0187555
0.0187329
0.0187104
0.0186878
0.0186653
0.0186428
0.0186204
0.0185979
0.0185755
0.0185532
0.0185308
0.0185085
0.0184862
0.0184639
0.0184417
0.0184195
0.0183973
0.0183751
0.018353
0.0183309
0.0183088
0.0182868
0.0182647
0.0182427
0.0182208
0.0181988
0.0181769
0.018155
0.0181331
0.0181113
0.0180895
0.0180677
0.0180459
0.0180242
0.0180025
0.0179808
0.0179591
0.0179375
0.0179159
0.0178943
0.0178728
0.0178512
0.0178297
0.0178082
0.0177868
0.0177654
0.017744
0.0177226
0.0177013
0.01768
0.0176587
0.0176374
0.0176161
0.0175949
0.0175737
0.0175526
0.0175314
0.0175103
0.0174892
0.0174681
0.0174471
0.0174261
0.0174051
0.0173841
0.0173632
0.0173423
0.0173214
0.0173005
0.0172797
0.0172589
0.0172381
0.0172173
0.0171966
0.0171759
0.0171552
0.0171345
0.0171139
0.0170933
0.0170727
0.0170521
0.0170316
0.0170111
0.0169906
0.0169701
0.0169497
0.0169293
0.0169089
0.0168885
0.0168682
0.0168479
0.0168276
0.0168073
0.0167871
0.0167669
0.0167467
0.0167265
0.0167063
0.0166862
0.0166661
0.0166461
0.016626
0.016606
0.016586
0.016566
0.016546
0.0165261
0.0165062
0.0164863
0.0164665
0.0164466
0.0164268
0.016407
0.0163873
0.0163675
0.0163478
0.0163281
0.0163085
0.0162888
0.0162692
0.0162496
0.01623
0.0162105
0.016191
