          0
  0.0152809
  0.0293274
  0.0430032
  0.0549316
  0.0670898
  0.0769958
  0.0877213
   0.095703
   0.105078
   0.111236
   0.119341
   0.123779
    0.13069
   0.133514
   0.139307
   0.140625
   0.145373
   0.145294
   0.149068
   0.147705
   0.150574
   0.148041
   0.150073
   0.146484
   0.147747
   0.143219
   0.143777
   0.138428
   0.138346
   0.132294
   0.131637
      0.125
   0.123832
    0.11673
   0.115115
   0.107666
   0.105668
  0.0979918
  0.0956763
  0.0878905
  0.0853227
   0.077545
  0.0747915
  0.0671386
  0.0642672
  0.0568542
  0.0539344
  0.0468749
  0.0439779
   0.037384
  0.0345827
  0.0285644
  0.0259341
  0.0205993
  0.0182174
  0.0136718
  0.0116181
 0.00796506
 0.00632167
 0.00366209
 0.00251396
0.000946036
0.000380674
          0
