          0
   0.016704
  0.0293274
  0.0472587
  0.0549316
  0.0741368
  0.0769958
  0.0974919
   0.095703
   0.117478
   0.111236
   0.134251
   0.123779
   0.147967
   0.133514
   0.158784
   0.140625
   0.166862
   0.145294
   0.172363
   0.147705
   0.175451
   0.148041
   0.176292
   0.146484
   0.175055
   0.143219
   0.171911
   0.138428
   0.167036
   0.132294
   0.160606
      0.125
   0.152801
    0.11673
   0.143805
   0.107666
   0.133803
  0.0979918
   0.122985
  0.0878905
   0.111542
   0.077545
  0.0996689
  0.0671386
  0.0875633
  0.0568542
  0.0754249
  0.0468749
  0.0634558
   0.037384
  0.0518605
  0.0285644
  0.0408453
  0.0205993
  0.0306183
  0.0136718
  0.0213893
 0.00796506
  0.0133691
 0.00366209
 0.00676977
0.000946036
 0.00180385
          0
