          0
  0.0154087
  0.0267369
  0.0433854
  0.0497756
  0.0677229
  0.0693239
  0.0885991
  0.0855893
   0.106192
  0.0987784
   0.120681
   0.109097
   0.132243
   0.116749
   0.141059
   0.121939
   0.147305
   0.124867
   0.151164
   0.125733
   0.152813
   0.124736
   0.152434
   0.122072
   0.150206
   0.117934
   0.146312
   0.112513
   0.140932
      0.106
   0.134249
  0.0985798
   0.126445
  0.0904377
   0.117703
  0.0817552
   0.108208
  0.0727119
  0.0981418
  0.0634848
  0.0876906
  0.0542484
   0.077039
  0.0451753
  0.0663725
  0.0364357
  0.0558771
  0.0281977
  0.0457391
  0.0206277
  0.0361454
  0.0138904
   0.027283
 0.00814878
  0.0193394
 0.00356454
  0.0125022
0.000298257
 0.00695946
-0.00149046
 0.00289913
-0.00164269
0.000509482
          0
